ply
format ascii 1.0
element vertex 4749
property float x
property float y
property float z
end_header
-92.5 -108 0
-92.5 -108 0
-92.5 -108 0
-92.5 -108 0
-92.5 -108 0
-92.5 -108 0
-92.5 -108 0
-92.5 -108 0
-92.5 -108 0
-92.5 -108 0
-92.5 -108 0
-92.5 -108 0
-92.5 -108 0
-92.5 -108 0
-92.5 -108 0
-92.5 -108 0
-92.5 -108 0
-92.5 -108 0
-92.5 -108 0
-92.5 -108 0
-92.5 -108 0
-92.5 -108 0
-92.5 -108 0
-92.5 -108 0
-92.5 -108 0
-92.5 -108 0
-92.5 -108 0
-92.5 -108 0
-92.5 -108 0
-92.5 -108 0
-92.5 -108 0
-92.5 -108 0
-92.5 -108 0
-92.5 -108 0
-92.5 -108 0
-92.5 -108 0
-92.5 -108 0
-92.5 -108 0
-92.5 -108 0
-92.5 -108 0
-92.5 -108 0
-92.5 -108 0
-92.5 -108 0
-92.5 -108 0
-92.5 -108 0
-92.5 -108 0
-92.5 -108 0
-92.5 -108 0
-92.5 -108 0
-92.5 -108 0
-92.5 -108 0
-92.5 -108 0
-92.5 -108 0
-92.5 -108 0
-92.5 -108 0
-92.5 -108 0
-92.5 -108 0
-92.5 -108 0
-92.5 -108 0
-92.5 -108 0
-92.5 -108 0
-92.5 -108 0
-92.5 -108 0
-92.5 -108 0
-92.5 -108 0
-92.5 -108 0
-92.5 -108 0
-92.5 -108 0
-92.5 -108 0
-92.5 -108 0
-92.5 -108 0
-92.5 -108 0
-92.5 -108 0
-92.5 -108 0
-92.5 -108 0
-92.5 -108 0
-92.5 -108 0
-92.5 -108 0
-92.5 -108 0
-92.5 -108 0
-92.5 -108 0
-92.5 -108 0
-92.5 -108 0
-92.5 -108 0
-92.5 -108 0
-92.5 -108 0
-92.5 -108 0
-92.5 -108 0
-92.5 -108 0
-92.5 -108 0
-92.5 -108 0
-92.5 -108 0
-92.5 -108 0
-92.5 -108 0
-92.5 -108 0
-92.5 -108 0
-92.5 -108 0
-92.5 -108 0
-92.5 -108 0
-92.5 -108 0
-92.5 -108 0
-92.5 -108 0
-92.5 -108 0
-92.5 -108 0
-92.5 -108 0
-92.5 -108 0
-92.5 -108 0
-92.5 -108 0
-92.5 -108 0
-92.5 -108 0
-92.5 -108 0
-92.5 -108 0
-92.5 -108 0
-92.5 -108 0
-92.5 -108 0
-92.5 -108 0
-92.5 -108 0
-92.5 -108 0
-92.5 -108 0
-92.5 -108 0
-92.5 -108 0
-92.5 -108 0
-92.5 -108 0
-92.5 -108 0
-92.5 -108 0
-92.5 -108 0
-92.5 -108 0
-92.5 -108 0
-92.5 -108 0
-92.5 -108 0
-92.5 -108 0
-92.5 -108 0
-92.5 -108 0
-92.5 -108 0
-92.5 -108 0
-92.5 -108 0
-92.5 -108 0
-92.5 -108 0
-92.5 -108 0
-92.5 -108 0
-92.5 -108 0
-92.5 -108 0
-92.5 -108 0
-92.5 -108 0
-92.5 -108 0
-92.5 -108 0
-92.5 -108 0
-92.5 -108 0
-92.5 -108 0
-92.5 -108 0
-92.5 -108 0
-92.5 -108 0
-92.5 -108 0
-92.5 -108 0
-92.5 -108 0
-92.5 -108 0
-92.5 -108 0
-92.5 -108 0
-92.5 -108 0
-92.5 -108 0
-92.5 -108 0
-92.5 -108 0
-92.5 -108 0
-92.5 -108 0
-92.5 -108 0
-92.5 -108 0
-92.5 -108 0
-92.5 -108 0
-92.5 -108 0
-92.5 -108 0
-92.5 -108 0
-92.5 -108 0
-92.5 -108 0
-92.5 -108 0
-92.5 -108 0
-92.5 -108 0
-92.5 -108 0
-92.5 -108 0
-92.5 -108 0
-92.5 -108 0
-92.5 -108 0
-92.5 -108 0
-92.5 -108 0
-92.5 -108 0
-92.5 -108 0
-92.5 -108 0
-92.5 -108 0
-92.5 -108 0
-92.5 -108 0
-92.5 -108 0
-92.5 -108 0
-92.5 -108 0
-92.5 -108 0
-92.5 -108 0
-92.5 -108 0
-92.5 -108 0
-92.5 -108 0
-92.5 -108 0
-92.5 -108 0
-92.5 -108 0
-92.5 -108 0
-92.5 -108 0
-92.5 -108 0
-92.5 -108 0
-40.5 -179 0
-40.5 -179 0
-40.5 -179 0
-40.5 -179 0
-41 -179.5 0
-41 -179.5 0
-42 -179.5 0
-42 -179.5 0
-92.5 -108 0
-92.5 -108 0
-92.5 -108 0
-92.5 -108 0
-92.5 -108 0
-3 -181 -89.9
-3 -181 -89.9
-4 -181 -89.9
-4 -181 -89.9
-5 -180.5 -89.9
-5 -180.5 -89.9
-5 -180.5 -92.4
-6 -180.5 -93.7
-6 -180.5 -93.7
-7 -180 -93.7
-7 -180 -93.7
-8 -180 0
-8 -180 0
-92.5 -108 0
-92.5 -108 0
-92.5 -108 0
-92.5 -108 0
-92.5 -108 0
-92.5 -108 0
38 -121 -105.3
37.5 -122 -105.3
37.5 -122 -105.3
37.5 -122 -104.2
37.5 -122 -104.2
36.5 -123 -103.1
36.5 -123 -103.1
36.5 -123.5 -102
36.5 -123.5 -102
-92.5 -108 0
-92.5 -108 0
-92.5 -108 0
-92.5 -108 0
-92.5 -108 0
-92.5 -108 0
-92.5 -108 0
-92.5 -108 0
-92.5 -108 0
-6 -184 -94.9
-6 -184 -94.9
34.5 -127.5 -99.7
34.5 -127.5 -99.7
-6 -184.5 -97.3
-6 -184.5 -97.3
-6 -184.5 -97.3
-6 -184.5 -98.5
-5.5 -184.5 -98.5
-5.5 -185 -99.7
-5.5 -185 -99.7
-5 -185 -98.5
-5 -185 -98.5
-5 -185 -99.7
-5 -185 -99.7
-5 -185 -99.7
-5 -185 -99.7
-5 -185 -98.5
-5.5 -185 -99.7
-5.5 -185 -99.7
-5.5 -185 -98.5
-5.5 -185 -98.5
-5.5 -185 -99.7
-5.5 -185 -99.7
-5.5 -185 -98.5
-5.5 -185 -98.5
-5 -185.5 -99.7
-5 -185.5 -99.7
-5 -185.5 -99.7
-5 -185.5 -99.7
-5 -185.5 -99.7
-5 -185.5 -99.7
-5 -185.5 -99.7
-4.5 -185.5 -99.7
-4.5 -185.5 -99.7
-4.5 -185.5 -99.7
-4.5 -185.5 -99.7
-4.5 -185.5 -99.7
-4.5 -185.5 -99.7
-4.5 -185.5 -100.8
-4.5 -185.5 -100.8
-4.5 -185.5 -99.7
-4.5 -185 -99.7
-4.5 -185 -99.7
-4.5 -185 -98.5
-4.5 -185 -98.5
-4.5 -185 -98.5
-4.5 -185 -98.5
-4.5 -185 -98.5
-4.5 -185 -98.5
-4.5 -184.5 -99.7
-4.5 -184.5 -99.7
-4.5 -184.5 -98.5
-4.5 -184.5 -98.5
-4.5 -184.5 -98.5
-4.5 -184.5 -97.3
-4.5 -184.5 -97.3
-4.5 -184.5 -97.3
-4.5 -184 -97.3
-4.5 -184 -97.3
-5 -184 -97.3
-126.5 -109 0
-126.5 -109 0
-118 -107 0
-118 -107 0
-118 -107 0
-107 -103.5 0
-107 -103.5 0
-94.5 -104 0
-94.5 -104 0
-81 -94 0
-81 -94 0
-67 -89 0
-67 -89 0
21 -97 -105.3
21 -97 -105.3
7.5 -92 -105.3
7.5 -92 -106.4
-34 -69.5 0
-34 -69.5 0
-11 -83 -131
-14.5 -79 -103.1
-14.5 -79 -103.1
-16 -75 -100.8
-16 -75 -100.8
-16 -70 -99.7
-16 -70 -99.7
-16 -65 -98.5
-16 -65 -98.5
-16 -65 -98.5
-14 -60.5 -98.5
-14 -60.5 -98.5
-11.5 -56.5 -99.7
-11.5 -56.5 -99.7
-7 -55.5 -140.4
-7 -55.5 -140.4
-40.5 -39 4.65
-40.5 -39 4.65
10.5 -61.5 -103.1
10.5 -61.5 -103.1
20 -68 -105.3
20 -68 -105.3
28 -75 -104.2
28 -75 -104.2
-74 -70 0
-74 -70 0
-82 -79.5 0
-82 -79.5 0
-88.5 -90.5 0
-94 -104 0
-94 -104 0
-96 -110 0
-96 -110 0
-96 -110 0
-101 -119.5 0
-101 -119.5 0
53 -127 -99.7
53 -127 -99.7
52 -128 -99.7
52 -128 -99.7
-5.5 -184 -94.9
-5.5 -184 -94.9
-5.5 -184 -94.9
-5.5 -184 -94.9
-5 -184 -96.1
-5 -184 -97.3
-5 -184 -97.3
-5 -184 -98.5
-5 -184.5 -98.5
-5 -184.5 -98.5
-5 -184.5 -98.5
-5 -184.5 -98.5
-5 -184 -98.5
-5 -184 -97.3
-5 -184 -97.3
-5 -184 -98.5
-5 -184 -98.5
-5 -184 -98.5
-5 -184.5 -98.5
-5 -184.5 -98.5
-5 -184.5 -98.5
-5 -184.5 -98.5
-5 -184.5 -98.5
-5 -184.5 -98.5
-5 -184.5 -97.3
-5 -184.5 -97.3
-91 -112 0
-91 -112 0
-5.5 -184 -98.5
-5.5 -184 -98.5
-5.5 -184 -98.5
-5.5 -184 -97.3
-5 -184.5 -96.1
-5 -184.5 -97.3
-5 -184.5 -97.3
-5 -184.5 -97.3
-101.5 -129 0
-101.5 -127.5 0
-101.5 -127.5 0
56.5 -126 -100.8
56.5 -126 -100.8
56.5 -126 -99.7
-96 -122.5 0
-96 -122.5 0
-5 -184 -97.3
-5 -184 -97.3
40 -125 -100.8
40 -125 -100.8
31.5 -125 -99.7
31.5 -125 -99.7
-68 -112.5 0
-68 -112.5 0
-61 -112 0
-61 -112 0
-55.5 -110.5 0
-55.5 -110.5 0
-5.5 -121 -124.1
-5 -184 -97.3
-5 -184 -97.3
-48.5 -110 0
-48.5 -110 0
-48.5 -110.5 0
-48.5 -110.5 0
-49.5 -111.5 0
-49.5 -111.5 0
-49.5 -111.5 0
-52.5 -113.5 0
-52.5 -113.5 0
-9.5 -119.5 -123.2
-9.5 -119.5 -123.2
-3.5 -122.5 -124.1
-3.5 -122.5 -124.1
4.5 -124.5 -104.2
4.5 -124.5 -104.2
13 -126.5 -100.8
13 -126.5 -102
21.5 -127.5 -99.7
21.5 -127.5 -100.8
30 -128.5 -99.7
30 -128.5 -98.5
38 -129.5 -100.8
38 -129.5 -100.8
46.5 -127.5 -100.8
46.5 -127.5 -100.8
50 -127.5 -100.8
53.5 -128 -102
53.5 -128 -102
-5 -184.5 -98.5
-5 -184.5 -98.5
-5 -184.5 -98.5
-5 -184.5 -99.7
-5 -184.5 -99.7
54.5 -128 -100.8
54.5 -128 -100.8
-5 -185 -98.5
-5 -185 -98.5
52.5 -127.5 -102
52.5 -127.5 -102
-5.5 -184.5 -98.5
-5.5 -184.5 -98.5
-5.5 -185 -98.5
-5.5 -185 -98.5
-5.5 -185 -98.5
-5.5 -185 -97.3
-5 -185.5 -97.3
-5 -185.5 -97.3
-5 -185.5 -97.3
-5 -185.5 -98.5
-5 -185.5 -98.5
-5 -185.5 -99.7
-5 -185.5 -99.7
-5 -185.5 -99.7
-5 -185.5 -99.7
-5 -185.5 -98.5
-5 -185.5 -99.7
-5 -185.5 -99.7
-5 -185.5 -99.7
-5 -185.5 -99.7
-5.5 -185 -99.7
-5.5 -185 -99.7
-5 -185 -99.7
-5 -185 -102
-42.5 -186.5 0
-42.5 -186.5 0
-4 -186 -99.7
-4 -186 -102
-3.5 -186 -102
-3.5 -186 -102
-3 -186 -103.1
-3 -186 -103.1
-3 -186.5 -103.1
-3 -186.5 -103.1
-41 -187 0
-41 -186.5 0
-41 -186.5 0
-41 -186.5 0
-3.5 -187 -103.1
-3.5 -187 -103.1
-4 -187.5 -103.1
-4 -187.5 -104.2
-4.5 -187.5 -104.2
-4.5 -187.5 -104.2
-5 -187.5 -104.2
-5 -187.5 -104.2
-6 -188 -104.2
-6 -188 -104.2
53 -129 -102
53 -129 -100.8
-8.5 -188.5 -104.2
-8.5 -188.5 -103.1
-9 -188.5 -103.1
-9 -188.5 -103.1
-9.5 -188.5 -103.1
-70 -127.5 0
-70 -127.5 0
-47 -185 0
-47 -185 0
-63.5 -128 -98.5
-63.5 -128 -98.5
-63.5 -128 -97.3
-60 -128 -96.1
-60 -128 -96.1
-48 -184.5 0
-48 -184.5 0
-16 -196 0
-16 -196 0
-48 -184 0
-48 -184 0
-42.5 -126.5 0
-42.5 -126.5 0
-37.5 -125.5 0
-37.5 -125.5 0
-32 -125.5 0
-32 -125.5 0
-25.5 -125.5 -102
-19.5 -126.5 -104.2
-19.5 -126.5 -104.2
-13.5 -127 -106.4
-13.5 -127 -106.4
-47 -186.5 0
-47 -186.5 0
-46 -187 0
-46 -187 0
-46 -187 0
-45 -188 0
-45 -188 0
6.5 -126.5 -125.9
6.5 -126.5 -125.9
16.5 -193 0
16.5 -193 0
17.5 -193 0
17.5 -193 0
-35.5 -196 0
-35.5 -196 0
19.5 -192 -104.2
19.5 -192 -105.3
-29.5 -199 0
-29.5 -199 -104.2
-26.5 -201 -104.2
-26.5 -201 -104.2
-23 -202 -104.2
-19 -203 -104.2
-19 -203 -104.2
-15 -203 -102
-15 -203 -102
-15.5 -141.5 -103.1
-15.5 -141.5 -103.1
-15.5 -141.5 -100.8
-23 -145 -103.1
-23 -145 -103.1
-32 -147.5 -102
-32 -147.5 -102
-41.5 -149.5 0
-41.5 -149.5 0
-50.5 -151.5 -20.1
-50.5 -151.5 -20.1
-59 -151.5 -17.8
-59 -151.5 -20.1
-66 -150 -17.8
-66 -150 -17.8
-71.5 -148.5 -20.1
-71.5 -148.5 -17.8
72.5 -127.5 0
72.5 -127.5 0
69 -128.5 -26.7
63.5 -129.5 -24.6
63.5 -129.5 -24.6
55.5 -127.5 0
55.5 -127.5 0
47.5 -128.5 -105.3
47.5 -128.5 -105.3
47.5 -128.5 -106.4
38 -134.5 -108.5
38 -134.5 -108.5
27.5 -136.5 -108.5
27.5 -136.5 -108.5
16 -139.5 -104.2
16 -139.5 -104.2
4.5 -141.5 0
4.5 -141.5 -126.8
-5.5 -142.5 -126.8
-5.5 -142.5 -126.8
-16 -143.5 -124.1
-16 -143.5 -106.4
-24.5 -143 -106.4
-24.5 -143 -106.4
-42 -188 0
-42 -188 0
-44.5 -187.5 0
-46.5 -187.5 0
-46.5 -187.5 0
-48.5 -187 0
-48.5 -187 0
-55.5 -190 0
-55.5 -190 0
-55.5 -190 0
-59.5 -189.5 0
-59.5 -189.5 0
-64 -189.5 0
-64 -189.5 0
-68.5 -189.5 0
-68.5 -189.5 0
-91 -109 0
-91 -109 0
-40 -139.5 0
-40 -139.5 0
-31 -141 0
-31 -141 -5.8
-19 -142 -100.8
-19 -142 0
-6 -142.5 -125.9
-6 -142.5 -126.8
7.5 -142.5 -126.8
21.5 -142 -107.5
21.5 -142 -107.5
34 -141.5 -104.2
34 -141.5 -104.2
46 -140 -97.3
46 -140 -97.3
46 -140 -97.3
56 -138 -99.7
56 -138 -99.7
62 -136 -100.8
62 -136 -100.8
65 -134 -99.7
65 -134 -99.7
-132.5 -139 0
-132.5 -139 0
-124 -143 0
-124 -143 0
-112.5 -146 0
-112.5 -146 0
-98.5 -148.5 -17.8
-98.5 -148.5 -17.8
-83 -148.5 -17.8
-83 -148.5 -17.8
-2 -184 -107.5
-51.5 -144 -10.7
-51.5 -144 -10.7
-37 -140 -0.699997
-37 -140 -0.699997
-25 -135 -99.7
-25 -135 -100.8
-25 -135 -100.8
-48 -187.5 0
-48 -187.5 0
-46 -187.5 0
-43.5 -188 0
-43.5 -188 -108.5
35.5 -178 -102
35.5 -178 -105.3
37.5 -180 -105.3
37.5 -180 -107.5
-34 -199 -110.6
-30.5 -202.5 -111.7
-30.5 -202.5 -111.7
-6 -142 -122.3
-6 -142 -122.3
-12.5 -146.5 -106.4
-12.5 -146.5 -107.5
-21 -150.5 -108.5
-21 -150.5 -108.5
-31 -152.5 -109.6
-31 -152.5 -109.6
-41.5 -153.5 -107.5
-41.5 -153.5 -107.5
-53 -153 -20.1
-53 -153 -20.1
-65.5 -152.5 -20.1
-77 -151 -17.8
-88 -149 -20.1
-88 -149 -17.8
-98.5 -145.5 -119.6
-107 -141.5 -118.6
95.5 -136.5 -35.1
89.5 -134.5 -31
89.5 -134.5 -31
80.5 -133 -31
80.5 -133 -31
67 -131 -24.6
51.5 -126.5 -113.7
51.5 -126.5 -113.7
34.5 -125.5 -114.7
34.5 -125.5 -115.7
20 -127 -113.7
20 -127 -115.7
11 -129 -112.7
11 -129 -112.7
10 -130.5 -112.7
10 -130.5 -112.7
10 -130.5 -112.7
13 -131.5 -111.7
13 -131.5 -110.6
19.5 -134 -110.6
19.5 -134 -109.6
30.5 -136.5 -112.7
30.5 -136.5 -109.6
44.5 -139.5 -111.7
59 -139.5 -107.5
59 -139.5 -107.5
72 -138.5 -24.6
72 -138.5 -24.6
83.5 -134.5 -31
83.5 -134.5 -31
92.5 -128.5 -33.1
92.5 -128.5 -33.1
98 -121.5 -35.1
98 -121.5 -39.1
98 -121.5 -39.1
53 -185.5 -107.5
53 -185.5 -107.5
55.5 -185 -24.6
55.5 -185 0
56.5 -185 0
56.5 -185 -22.3
57 -185 -22.3
57 -185 -22.3
-32.5 -198 -22.3
-32.5 -198 -22.3
123.5 -101 -43
123.5 -101 -43
123.5 -100 -43
123.5 -100 -43
-42 -188.5 -117.6
-42 -188.5 -117.6
-183.5 -8.5 0
-183.5 -8.5 0
-165.5 -11.5 0
-165.5 -11.5 0
-143.5 -14 0
-143.5 -14 0
-119.5 -15.5 0
-119.5 -15.5 0
-98 -16 2.25
-98 -16 2.25
21 -200 0
21 -200 0
18 -200.5 0
18 -200.5 0
-92.5 -108 0
-92.5 -108 0
-92.5 -108 0
-92.5 -108 0
-92.5 -108 0
19.5 -200.5 0
19 -200.5 0
19 -200.5 0
19.5 -200.5 0
19.5 -200.5 0
19.5 -200 0
-48.5 -184 0
-48.5 -184 0
-48.5 -184 0
-48.5 -184 0
-48.5 -184 0
-48.5 -184 0
20 -200 0
20 -200 0
21.5 -199.5 0
21.5 -199.5 0
24.5 -199 0
24.5 -199 0
27.5 -198.5 0
27.5 -198.5 0
32 -199.5 -99.7
32 -199.5 -99.7
34.5 -200.5 -99.7
34.5 -200.5 0
-64 -50 -114.7
-64 -50 -114.7
-63.5 -56.5 -116.7
-63.5 -56.5 -115.7
-63 -63 -103.1
-63 -63 -104.2
-63 -69.5 -104.2
-63 -69.5 -107.5
-63 -73 -106.4
-63.5 -75 -107.5
-63.5 -75 -107.5
-63.5 -75 -108.5
71.5 -72 -112.7
71.5 -72 -112.7
77 -76.5 -113.7
77 -76.5 -112.7
83.5 -83 -28.9
83.5 -83 -28.9
91 -89 -31
91 -89 -31
100 -95 -37.1
100 -95 -37.1
111 -99.5 -41.1
121 -101.5 -43
121 -101.5 -43
130 -101.5 -43
130 -101.5 -43
138.5 -99 -39.1
138.5 -99 -39.1
145 -94 -37.1
145 -94 -39.1
151 -87.5 -41.1
151 -87.5 -41.1
156.5 -79.5 -39.1
156.5 -79.5 -39.1
161.5 -71.5 0
161.5 -71.5 0
166 -62 0
166 -62 0
169.5 -52 2.25
169.5 -52 2.25
168.5 -43 2.25
161 -34.5 4.65
146 -28 9.6
146 -28 9.6
123.5 -23.5 17.5
98 -19 23.15
98 -19 23.15
72.5 -16 23.15
50 -13.5 -91.2
50 -13.5 -91.2
-66.5 -180 0
-64.5 -182 0
-64.5 -182 0
-60.5 -183.5 0
-48.5 -183.5 0
-37 -0.5 -105.3
-97 -57 0
-97 -57 0
-58 8.5 -105.3
-62 8.5 0
-62 8.5 0
-58 7 0
-58 7 4.65
-45.5 3.5 -99.7
-45.5 3.5 -96.1
-21.5 -1.5 -120.5
-21.5 -1.5 -128.5
13.5 -4 -152
13.5 -4 -104.2
56.5 -5 -77.7
100 -1.5 26.05
100 -1.5 26.05
100 -1.5 26.05
32.5 -182 -108.5
32.5 -182 -105.3
22.5 -180.5 -105.3
22.5 -180.5 -104.2
-39.5 -186 0
-39.5 -186 0
-5.5 -185.5 -113.7
-14.5 -192 -111.7
-14.5 -192 -111.7
-19 -195.5 -106.4
-19 -195.5 0
-19.5 -197.5 0
-19.5 -197.5 0
-45 -32.5 -100.8
-45 -32.5 -100.8
-46 -44.5 -100.8
-46 -44.5 -100.8
-48.5 -55.5 -100.8
3 -202 -106.4
3 -202 -106.4
3 -202 -106.4
11.5 -204 0
11.5 -204 0
-60 -53.5 -100.8
-60 -53.5 -100.8
-62.5 -48 -100.8
-62.5 -48 -100.8
-67 -40.5 -103.1
-67 -40.5 -103.1
-71 -32 -100.8
-71 -32 -100.8
-73 -24 -100.8
-73 -24 -100.8
23.5 -203 0
23.5 -203 0
24.5 -202 0
24.5 -202 0
-80 -4 -100.8
-80 -4 -99.7
-84 1.5 -98.5
-84 1.5 -97.3
-87.5 7 -96.1
-87.5 7 -97.3
-90 10.5 -97.3
-90 10.5 -97.3
-90 10.5 -97.3
-91 13 -96.1
-92.5 13 0
-92.5 13 0
-92 11 0
-92 11 0
-91.5 12 0
-92 15.5 0
-92.5 -108 0
-92.5 -108 0
-92.5 -108 0
-92.5 -108 0
-92.5 -108 0
18 -198 0
18 -198 0
-92.5 -108 0
-92.5 -108 0
-64.5 17.5 2.25
-64.5 17.5 2.25
-64.5 17.5 2.25
-34.5 19.5 0
-34.5 19.5 0
-34.5 19.5 4.65
-12 22 -115.7
-23 19.5 0
-23 19.5 0
-92.5 -108 0
-92.5 -108 0
-92.5 -108 0
-92.5 -108 0
-37 2.5 4.65
-37 2.5 4.65
-18 5 -88.6
-18 5 4.65
4 8.5 -152
4 8.5 -117.6
24 11.5 -117.6
24 11.5 -113.7
38.5 16.5 -102
38.5 16.5 -102
44.5 21 -99.7
43.5 21 -98.5
43.5 21 -98.5
33 18 -104.2
33 18 -102
33 18 -102
13.5 14 -116.7
13.5 14 -119.6
-12.5 12.5 0
-12.5 12.5 -87.3
-40.5 13 4.65
-40.5 13 4.65
-92.5 -108 0
-92.5 -108 0
-92.5 -108 0
-92.5 -108 0
-92.5 -108 0
-92.5 -108 0
-92.5 -108 0
-92.5 -108 0
-92.5 -108 0
-92.5 -108 0
-92.5 -108 0
-92.5 -108 0
-92.5 -108 0
-92.5 -108 0
-92.5 -108 0
0 -219.5 -99.7
0 -219.5 -99.7
5 -220.5 -0.699997
5 -220.5 -0.699997
11.5 -221 -0.699997
11.5 -221 -0.699997
18.5 -219.5 0
28 -219 -80.6
28 -219 -81.9
34.5 -221.5 -79.2
36 -225 -79.2
36 -225 -81.9
31 -226.5 0
23 -226.5 0
-92.5 -108 -88.6
-92.5 -108 0
-92.5 -108 0
-92.5 -108 0
-92.5 -108 0
-92.5 -108 0
-92.5 -108 0
5.5 -215 0
-92.5 -108 0
-92.5 -108 0
-92.5 -108 0
-92.5 -108 0
-92.5 -108 0
-92.5 -108 0
-4.5 -198.5 -94.9
-4.5 -198.5 -94.9
-92.5 -108 0
-92.5 -108 0
-92.5 -108 0
-92.5 -108 0
-92.5 -108 0
-92.5 -108 0
-92.5 -108 0
-92.5 -108 0
-92.5 -108 0
-92.5 -108 0
-92.5 -108 0
-92.5 -108 0
-92.5 -108 0
-92.5 -108 0
-92.5 -108 0
-92.5 -108 0
-92.5 -108 0
-92.5 -108 0
-92.5 -108 0
-39 -186.5 0
-39 -186.5 0
-47.5 -184.5 0
-47.5 -184.5 0
-57.5 -180.5 0
-57.5 -180.5 0
-63 -175.5 0
-63 -175.5 0
-64.5 25 2.25
-64.5 25 2.25
-6 31 4.65
-6 31 4.65
48 35 -89.9
48 35 -89.9
88 33.5 26.05
88 33.5 26.05
88 33.5 26.05
116 29 26.05
128.5 21 26.05
128.5 21 26.05
-38.5 -181 -22.3
-38.5 -181 -22.3
124 4.5 26.05
124 4.5 26.05
112.5 -3.5 23.15
112.5 -3.5 23.15
97.5 -12 -74.8
97.5 -12 -76.3
82 -19.5 -86
82 -19.5 -86
67.5 -26 -91.2
67.5 -26 -91.2
55.5 -30 -96.1
55.5 -30 -96.1
-92.5 -108 0
-92.5 -108 0
-92.5 -108 0
-92.5 -108 0
-92.5 -108 0
-92.5 -108 0
-92.5 -108 0
-92.5 -108 0
-92.5 -108 0
4 -181.5 -97.3
4 -181.5 -97.3
-53 -189 0
-53 -189 0
-48 -186.5 0
-48 -186.5 0
-16 -189 0
-16 -189 0
-16.5 -195 0
-16.5 -195 0
-15.5 -202 0
-15.5 -202 0
-50 -213 0
-50 -213 0
-92.5 -108 0
-92.5 -108 0
-8 -7.5 -83.3
-8 -7.5 -83.3
-20 -5 0
-20 -5 0
-30.5 -6 4.65
-30.5 -6 4.65
-43.5 -6.5 4.65
-43.5 -6.5 4.65
-49.5 -14.5 4.65
-49.5 -14.5 4.65
-54.5 -26.5 2.25
-54.5 -26.5 2.25
-58.5 -38.5 4.65
-58.5 -38.5 4.65
-59.5 -49.5 4.65
-59.5 -49.5 4.65
-53.5 -53.5 2.25
-53.5 -53.5 -97.3
-42 -55 -99.7
-42 -55 -99.7
-56.5 -181.5 0
-56.5 -181.5 0
-92.5 -108 0
-92.5 -108 0
-41 -182.5 0
-92.5 -108 0
-92.5 -108 0
-92.5 -108 0
-62 -179 0
-62 -179 0
46 -56 -91.2
46 -56 -89.9
-92.5 -108 0
-92.5 -108 0
-92.5 -108 0
-92.5 -108 0
-92.5 -108 0
-56 -103 0
-56 -103 0
-57.5 -101.5 0
-92.5 -108 0
-92.5 -108 0
-92.5 -108 0
-92.5 -108 0
-92.5 -108 0
-92.5 -108 0
-92.5 -108 0
-92.5 -108 0
-92.5 -108 0
-92.5 -108 0
-46 -172 0
-38 -170.5 -81.9
-92.5 -108 0
-92.5 -108 0
-92.5 -108 0
-92.5 -108 0
-92.5 -108 0
-92.5 -108 0
-92.5 -108 0
-92.5 -108 0
-92.5 -108 0
-92.5 -108 0
-92.5 -108 0
-92.5 -108 0
28 -69.5 -84.7
28 -69.5 -84.7
19 -64.5 -84.7
19 -64.5 -84.7
10 -55 -84.7
1.5 -42.5 -134.3
1.5 -42.5 -136.6
-4 -185 -79.2
-4 -185 -76.3
-14 -10 -110.6
-14 -10 -108.5
-92.5 -108 0
-92.5 -108 0
-19.5 -13 -106.4
-19.5 -13 -107.5
-8 -37 -102
-8 -37 -102
17.5 -61.5 -91.2
-92 -52.5 0
-92 -52.5 0
-123 -76.5 0
-123 -76.5 0
-155 -93 0
-155 -93 0
-155 -93 0
-182 -96.5 0
-182 -96.5 0
-200.5 -88.5 -15.5
-200.5 -88.5 -15.5
-207.5 -75 -26.7
-207.5 -75 -24.6
-206.5 -63.5 -24.6
-206.5 -63.5 -24.6
-203.5 -57.5 -20.1
-203.5 -57.5 -20.1
-189.5 -58.5 0
-189.5 -58.5 0
-163 -61.5 0
-129 -63 0
-129 -63 0
-95 -61 0
-95 -61 0
35 -177.5 0
35 -177.5 0
-4 -182.5 -89.9
23 -181.5 0
23 -181.5 0
23 -181.5 0
-92.5 -108 0
-92.5 -108 0
-92.5 -108 0
-92.5 -108 0
-92.5 -108 0
-14.5 -41 -93.7
-14.5 -41 -92.4
68.5 -175 0
79.5 -171 0
-92.5 -108 0
-3.5 -180.5 -88.6
-5 -180 -88.6
-5 -180 -88.6
-7 -179 -86
78.5 19.5 23.15
118 28.5 26.05
118 28.5 26.05
160 39 23.15
160 39 23.15
195.5 49 26.05
212 57.5 12.15
212 57.5 12.15
213 67 12.15
205 76.5 20.3
205 76.5 23.15
182 85 23.15
144.5 87 23.15
144.5 87 23.15
-6.5 -178.5 -81.9
-4.5 -179 -84.7
-5.5 -180 -84.7
-5.5 -180 -84.7
-7 -180 -83.3
-7 -180 0
-7 -180 0
-6.5 -180 -86
-6.5 -180 -87.3
-7 -180 -87.3
-7 -180 -84.7
-11 -179.5 0
-11 -179.5 0
-23 -175 0
-23 -175 0
43 -193 0
43 -193 0
42 -196.5 0
-92.5 -108 0
-92.5 -108 0
42.5 -203.5 -79.2
42.5 -203.5 -79.2
45.5 -206 -74.8
45.5 -206 -74.8
48 -206.5 0
48 -206.5 0
51 -205.5 0
55.5 -203.5 0
55.5 -203.5 0
55.5 -203.5 0
-92.5 -108 -83.3
-92.5 -108 -81.9
69 -195 0
77.5 -189 0
77.5 -189 0
87.5 -182.5 0
87.5 -182.5 0
-11.5 -180.5 -79.2
-1 -174.5 -146.1
-1 -174.5 -146.1
-92.5 -108 0
-92.5 -108 0
-31.5 -190 -89.9
-52.5 -186 0
-52.5 -186 0
-75 -181 -80.6
-94 -170.5 -79.2
-94 -170.5 -79.2
-109 -156 -3.3
-121.5 -137 0
-131 -117.5 0
-131 -117.5 0
-92.5 -108 0
-92.5 -108 0
-92.5 -108 0
-92.5 -108 0
-149.5 -56 0
-151.5 -42 0
-151.5 -42 0
-154 -27.5 0
-155 -11.5 0
-155 -11.5 0
-156 6 0
-156 6 0
-156 24 0
-156 24 0
-156 24 0
-153.5 43.5 0
-153.5 43.5 0
-147.5 63.5 2.25
-147.5 63.5 0
-92.5 -108 -79.2
-92.5 -108 -87.3
-92.5 -108 -87.3
-92.5 -108 0
-92.5 -108 0
-92.5 -108 0
-92.5 -108 0
-92.5 -108 0
-92.5 -108 0
-92.5 -108 0
-92.5 -108 0
-92.5 -108 0
52 -101.5 0
52 -101.5 0
51 -103.5 0
51 -103.5 0
-43 133.5 4.65
-43 133.5 4.65
-43 133.5 4.65
-33.5 106.5 4.65
-33.5 106.5 4.65
-29.5 70.5 4.65
-29.5 70.5 4.65
-8.5 -178 -91.2
-8.5 -178 0
-43.5 28 0
-43.5 28 0
-61.5 21.5 4.65
-61.5 21.5 4.65
-87 14.5 2.25
-87 14.5 2.25
-117.5 10 0
-117.5 10 0
-147 6 0
-147 6 0
-171.5 4 0
-171.5 4 0
-187 5 0
-187 5 0
-197.5 5 -10.7
-202 7 -13.1
-202 7 -13.1
-202 7 -13.1
-203.5 7.5 -17.8
-203.5 7.5 -17.8
-201 7.5 -13.1
-201 7.5 -15.5
-197.5 7 -8.29999
-197.5 7 -8.29999
-11 -179 0
-9 -178.5 0
-5 -178 -94.9
-47.5 -185 0
-47.5 -185 0
-4 -180.5 -96.1
-145.5 -27.5 0
-145.5 -27.5 0
-4.5 -181.5 -94.9
-4.5 -181.5 -94.9
-110 -48 0
-110 -48 0
-90 -51 0
-90 -51 -92.4
-90 -51 -92.4
-41 -184.5 0
-41 -184.5 0
-40.5 -181 0
-40.5 -181 0
-40.5 -179 0
-40.5 -179 0
-92.5 -108 0
-92.5 -108 0
-92.5 -108 0
-92.5 -108 0
-92.5 -108 0
-92.5 -108 0
-92.5 -108 0
-92.5 -108 0
-92.5 -108 0
-92.5 -108 0
-36 -171.5 -22.3
-36 -171.5 -22.3
-28.5 -171 0
-28.5 -171 0
-20 -172 0
-11.5 -179 -76.3
-11.5 -179 -79.2
-11.5 -179 -79.2
-10 -181 -81.9
-10 -181 -81.9
-10 -182 0
-10 -182 0
-11 -182.5 0
-11 -182.5 0
-92.5 -108 0
-92.5 -108 0
-92.5 -108 0
-92.5 -108 0
35 -175.5 -93.7
35 -175.5 -93.7
-48.5 -180.5 -96.1
-62 -176 0
-62 -176 0
-92.5 -108 0
-92.5 -108 0
-92.5 -108 0
-92.5 -108 0
-33.5 -46 -89.9
-33.5 -46 -89.9
60 -36.5 2.25
60 -36.5 2.25
64 -54.5 2.25
64 -54.5 2.25
68.5 -74 0
68.5 -74 0
74 -93.5 -31
74 -93.5 -31
45.5 -185 0
-11 -185 0
-11 -185 0
-7 -186 0
-6.5 -186.5 0
-7 -186.5 0
-8.5 -185.5 0
-10 -184 0
-12 -182.5 0
-12 -182.5 0
53.5 -186.5 0
53.5 -186.5 0
-38 -54.5 -96.1
-12 -183 0
-12 -183 0
-6 -184.5 0
8.5 -187 -99.7
8.5 -187 -99.7
24.5 -186 0
24.5 -186 0
88.5 2.5 26.05
70 -16 23.15
70 -16 23.15
42 -34.5 4.65
42 -34.5 4.65
-92.5 -108 0
-92.5 -108 0
-92.5 -108 0
-92.5 -108 0
55.5 -179 -22.3
-92.5 -108 0
-92.5 -108 0
-92.5 -108 0
-92.5 -108 0
-92.5 -108 0
-92.5 -108 0
-92.5 -108 0
-92.5 -108 0
-92.5 -108 0
-92.5 -108 0
-92.5 -108 0
-92.5 -108 0
-4.5 -187 0
-4.5 -187 0
-6 -186.5 0
-6 -186.5 0
-9.5 -185.5 0
-12.5 -184 0
-12.5 -184 0
35.5 -183 -88.6
35.5 -183 -88.6
-29.5 -179.5 -99.7
-29.5 -179.5 -99.7
-92.5 -108 0
-92.5 -108 0
-92.5 -108 0
-92.5 -108 0
-92.5 -108 0
-32 -50.5 -104.2
-32 -50.5 -104.2
-47 -71.5 -102
-47 -71.5 -103.1
-66.5 -91.5 -100.8
-66.5 -91.5 -100.8
-87 -106.5 0
-87 -106.5 0
-101 -112.5 0
-101 -112.5 0
-116.5 -120 0
-116.5 -120 0
-123.5 -120.5 0
-123.5 -120.5 0
-127 -118.5 0
-127 -118.5 0
-127.5 -118 0
-10 -185.5 -94.9
-10 -185.5 -96.1
-125 -123 0
-125 -123 0
-1.5 -184.5 -96.1
16 -185.5 -88.6
16 -185.5 -93.7
32 -183.5 -92.4
-8 -185 0
-8 -185 0
60.5 -180 -22.3
60.5 -180 0
-67.5 -96 -100.8
-67.5 -96 -100.8
-59 -87 -104.2
-59 -87 -99.7
-92.5 -108 0
-92.5 -108 0
-92.5 -108 0
-92.5 -108 0
-50 -61 -102
-50 -61 -98.5
93 -16 26.05
93 -16 23.15
93 -16 23.15
-53.5 -45 -108.5
-53.5 -45 -108.5
-53.5 -45 0
102 -20.5 26.05
102 -20.5 26.05
-57.5 -34.5 -117.6
-60 -32.5 -119.6
-60 -32.5 -119.6
-63 -31 -120.5
-63 -31 -118.6
-66 -32 2.25
-66 -32 2.25
-70 -33 -131
-70 -33 -131
-75 -33.5 -131.9
-75 -33.5 -131.9
81.5 -32.5 -93.7
81.5 -32.5 -93.7
76 -43.5 -93.7
76 -43.5 -93.7
67.5 -58.5 -94.9
53 -77.5 -96.1
53 -77.5 -94.9
-50 -184.5 0
-50 -184.5 0
-50 -184.5 0
-25.5 -189 0
-25.5 -189 0
-39 -184.5 0
-39 -184.5 0
-45 -180.5 0
-52.5 -175 0
-52.5 -175 0
-60 -172.5 0
-60 -172.5 0
0.5 -82 -94.9
-63.5 -181.5 0
-63.5 -181.5 0
-45.5 -55.5 4.65
-45.5 -55.5 4.65
-50 -72.5 0
-50 -72.5 0
-56 -89 0
-91 -184 0
-91 -184 0
-80.5 -186 0
-80.5 -186 0
-79.5 -128.5 0
-86 -130.5 0
-86 -130.5 0
-93 -128 0
-99.5 -126.5 0
-11.5 -185.5 0
-11 -185.5 0
-11 -185.5 0
-12.5 -185 0
-12.5 -185 0
-20.5 -185 0
-103 -140.5 0
-100.5 -142 -10.7
-100.5 -142 -10.7
-99.5 -144.5 -13.1
-99.5 -144.5 -10.7
-100.5 -145 -13.1
-100.5 -145 -13.1
-102.5 -144.5 -10.7
21.5 -139.5 -104.2
21.5 -139.5 -104.2
15.5 -133 -103.1
15.5 -133 -103.1
-109 -128.5 0
-109 -128.5 0
-108.5 -128 0
-108.5 -128 0
-107.5 -132 0
-107.5 -132 0
-108.5 -130.5 0
-109.5 -127 0
-109.5 -127 0
-107.5 -115 0
-107.5 -115 0
-99 -104 0
-99 -104 0
-98 -92 0
-98 -92 0
-98 -92 0
-25.5 -194.5 0
-25.5 -194.5 0
-22.5 -204.5 0
-22.5 -204.5 0
-92.5 -108 0
-92.5 -108 0
-51 -194.5 0
-51 -194.5 0
-52.5 -194.5 0
-52.5 -194.5 0
-54.5 -193 0
-54.5 -193 0
-92.5 -108 0
-92.5 -108 0
-92.5 -108 0
-92.5 -108 0
-29 -87 -88.6
-29 -87 -88.6
-92.5 -108 0
-92.5 -108 0
-92.5 -108 0
-92.5 -108 0
-28.5 -168 0
-28.5 -168 0
-28.5 -168 0
-30.5 -166.5 -22.3
-30.5 -166.5 -22.3
-32 -166 -22.3
-92.5 -108 0
-92.5 -108 0
-33.5 -167 -22.3
-33.5 -167 -22.3
2 -72 -94.9
2 -72 -93.7
2.5 -73.5 -93.7
2.5 -73.5 -93.7
-29 -169 0
-29 -169 0
-28.5 -170 0
-92.5 -108 0
-92.5 -108 0
-92.5 -108 0
52.5 -80 -91.2
62.5 -72 -104.2
62.5 -72 -106.4
62.5 -72 -108.5
73.5 -62.5 -109.6
73.5 -62.5 -109.6
73.5 -62.5 -109.6
82.5 -53 -109.6
82.5 -53 -109.6
87 -43 -102
87 -43 -102
-11 -180.5 0
-11 -180.5 0
-47.5 -187.5 0
-47.5 -187.5 0
-41.5 -187.5 0
-41.5 -187.5 0
-33 -191.5 -22.3
-33 -191.5 -22.3
-68.5 -75.5 0
-68.5 -75.5 0
-77.5 -88 0
-77.5 -88 0
-89 -103.5 0
-89 -103.5 0
5.5 -82 -87.3
5.5 -82 -87.3
5.5 -82 -88.6
-9 -101 -125.9
-28.5 -112.5 0
-28.5 -112.5 0
-92.5 -108.5 0
-92.5 -108.5 0
19 -171 0
19 -171 0
29 -171 -92.4
29 -171 -89.9
39.5 -170 -92.4
39.5 -170 -92.4
-92.5 -108 0
-92.5 -108 0
-92.5 -108 0
-92.5 -108 0
-92.5 -108 0
-92.5 -108 0
-92.5 -108 0
-33.5 -5.5 0
-33.5 -5.5 -89.9
-43.5 -186 -103.1
-43.5 -186 -102
-43.5 -186 -98.5
-92.5 -108 0
-92.5 -108 0
-68 -59.5 0
-57.5 -54.5 4.65
-57.5 -54.5 4.65
-44.5 -49.5 -86
-34.5 -43 -88.6
-34.5 -43 -87.3
-29 -30 -89.9
-29 -30 -89.9
-30.5 -13.5 -89.9
-30.5 -13.5 -89.9
-34 8 -87.3
-92.5 -108 0
-92.5 -108 0
-92.5 -108 0
-92.5 -108 0
28 -191 0
-92.5 -108 0
-92.5 -108 0
26.5 -192 0
25 -192 0
-92.5 -108 0
-92.5 -108 0
18.5 -192.5 0
13.5 -194 0
7 -195.5 0
-92.5 -108 0
-92.5 -108 0
0.5 -198.5 -97.3
4.5 -200 -97.3
4.5 -200 0
10.5 -200.5 0
10.5 -200.5 0
-26 -197.5 -99.7
-11.5 -203 -98.5
-11.5 -203 0
-11.5 -203 0
35 -197.5 0
35 -197.5 0
43 -196.5 0
43 -196.5 0
48 -198 0
-4.5 -212 -99.7
-4.5 -212 -99.7
-20 -207.5 0
-20 -207.5 0
17 -212.5 0
-59.5 -192 0
-59.5 -192 0
-13 -224 -103.1
-13 -224 -103.1
-84 -180.5 0
-84 -180.5 0
-90.5 -177.5 0
-90.5 -177.5 0
50 -119.5 -79.2
50 -119.5 -79.2
-27 -230 -8.29999
-27 -230 -8.29999
14.5 -136 -100.8
14.5 -136 -100.8
-3.5 -148 -112.7
-3.5 -148 -112.7
-22 -151 -93.7
-22 -151 -93.7
-36 -145.5 -93.7
-36 -145.5 -93.7
-47 -136 -93.7
-47 -136 -93.7
-56 -125.5 0
-56 -125.5 0
-61.5 -114 0
-61.5 -114 0
-64.5 -103.5 0
9 -194 0
9 -194 0
-92.5 -108 0
-92.5 -108 0
-92.5 -108 0
-92.5 -108 0
-92.5 -108 0
-92.5 -108 0
-68.5 -61.5 0
-68.5 -61.5 0
-70.5 -54.5 0
-70.5 -54.5 0
-73 -48 0
-76.5 -42 0
-76.5 -42 0
-79 -36 2.25
-48 -180.5 0
19.5 -164 0
19.5 -164 0
22 -160.5 0
21 -164.5 0
15 -174 0
15 -174 0
70 -13.5 -83.3
81.5 -20.5 -80.6
81.5 -20.5 -80.6
89.5 -25.5 -74.8
89.5 -25.5 -76.3
92.5 -32.5 -73.4
92.5 -32.5 -73.4
91 -41 -71.9
87.5 -50.5 -76.3
87.5 -50.5 2.25
82.5 -61 -76.3
76 -74.5 -79.2
76 -74.5 -79.2
67 -88.5 -84.7
-66 -80 -97.3
-66 -80 -97.3
-60 -102.5 -99.7
-46.5 -113.5 -91.2
-46.5 -113.5 -91.2
-30.5 -114 -83.3
-7 -180 -93.7
-7 -180 -98.5
-7 -180 -98.5
-42.5 -179.5 0
-42.5 -179.5 0
-92.5 -108 0
-92.5 -108 0
-46.5 -184.5 0
-46.5 -184.5 0
-19 -177.5 0
-19 -177.5 0
-19.5 -181 0
-18.5 -184 0
-18.5 -184 0
-18.5 -186 0
-18.5 -186 0
-18 -188 0
-18 -188 0
-61.5 -215 0
-61.5 -215 0
-9.5 -186 -103.1
-5 -186 -103.1
-5 -186 -103.1
104.5 -80 -33.1
104.5 -80 -33.1
-40 -122.5 0
-40 -122.5 0
-50 -136 0
-50 -136 0
-62 -149 -17.8
-62 -149 -17.8
-72 -157.5 -20.1
-72 -157.5 -20.1
-81 -161.5 -20.1
-81 -161.5 -20.1
-84 -160 -20.1
2.5 -196.5 -113.7
2.5 -196.5 -115.7
7 -202.5 -115.7
12 -214.5 -116.7
12 -214.5 -115.7
18.5 -227.5 -3.3
-27 -169.5 -107.5
-73 -93 0
-73 -93 0
2.5 -229.5 -120.5
-16.5 -227 -123.2
13 -207.5 -117.6
13 -207.5 0
-8.5 -199 -122.3
-26.5 -195.5 0
-26.5 -195.5 -26.7
-39 -204.5 0
-48.5 -213.5 0
-48.5 -213.5 0
-56.5 -215 0
-56.5 -215 0
-67 -210 0
-67 -210 0
-67 -210 0
-76 -203 0
-76 -203 0
-81.5 -197.5 0
-88 -197 0
-88 -197 0
-88 -197 0
47 -101.5 -111.7
47 -101.5 -112.7
53 -97 -113.7
53 -97 -113.7
-84 -200 0
-84 -200 0
-77 -204 0
-63.5 -205.5 0
-63.5 -205.5 0
-47.5 -209.5 0
-47.5 -209.5 0
-31 -207 -26.7
-31 -207 -26.7
91 -61 -120.5
-42 -211.5 0
-42 -211.5 0
-34.5 -210 -22.3
-28.5 -216.5 -26.7
-28.5 -216.5 0
-25 -224 0
-25 -224 0
-27.5 -225.5 0
-29.5 -226 -26.7
-29.5 -226 -24.6
-32 -228 -24.6
-32 -228 -24.6
-34.5 -229 -22.3
-37.5 -228 0
-37.5 -228 0
-40 -226.5 -3.3
-41 -225.5 -5.8
-41 -225.5 -5.8
-41 -225 -5.8
-40 -224.5 -0.699997
-38 -223.5 0
-38 -223.5 -0.699997
-130.5 -43.5 0
-140 -50 0
-140 -50 0
-152.5 -63 0
-4 -208.5 -122.3
12 -204 -124.1
33.5 -198.5 0
-134 -112.5 0
-134 -112.5 0
-122.5 -107 0
-116 -96.5 0
-113.5 -83.5 0
-113.5 -83.5 0
103 -30 -109.6
103 -30 -109.6
91 -47 -109.6
91 -47 -109.6
76 -65.5 -110.6
76 -65.5 -112.7
60 -81 -113.7
60 -81 -113.7
60 -81 -113.7
63.5 -182 0
63.5 -182 0
51 -186 -113.7
51 -186 -113.7
40.5 -193 -116.7
-45.5 -206 -123.2
-45.5 -206 -121.4
40.5 -110.5 -117.6
40.5 -110.5 -117.6
54 -112 -113.7
54 -112 -113.7
64 -113.5 -115.7
71.5 -112 -118.6
71.5 -112 -118.6
80 -107 -31
80 -107 -31
90 -96 -33.1
98 -80.5 -31
98 -80.5 -31
-80.5 -58 -110.6
-80.5 -58 -110.6
-37 -218.5 -122.3
-37 -218.5 -117.6
-16 -222.5 0
-16 -222.5 0
-0.5 -225.5 -119.6
-0.5 -225.5 -119.6
7.5 -227 -120.5
-96 -75 -129.4
9.5 -226 -117.6
-103.5 -63 -133.5
-103.5 -63 -133.5
-105.5 -57 -141.9
-105.5 -57 -141.9
105.5 -43.5 -107.5
99.5 -53.5 -105.3
99.5 -53.5 -106.4
-112.5 -40 0
-112.5 -40 0
79 -73 -109.6
79 -73 -109.6
-0.5 -187 -107.5
-0.5 -187 -107.5
47.5 -91 -106.4
29 -99 -104.2
29 -99 -104.2
9.5 -107 0
-8 -112.5 -139.7
-111 -203 -3.3
-118.5 -203.5 -5.8
-118.5 -203.5 -3.3
-122 -206.5 -3.3
-123 -212 -5.8
-45 -90 0
-45 -90 0
-44 -75.5 0
-41 -61 4.65
-41 -61 4.65
-41 -61 4.65
-38 -49 4.65
-62 -192.5 0
-62 -192.5 0
-64 -192 0
-69.5 -195 0
-69.5 -195 0
-77 -199 0
-77 -199 0
-79.5 -202 0
-145.5 -201 -5.8
-145.5 -201 -5.8
-146 -203 -5.8
-146 -203 -5.8
-145 -204.5 -5.8
-75.5 -203 0
-75.5 -203 0
-80 -203 0
-80 -203 0
-82 -203 0
-82 -203 0
-195.5 0.5 -3.3
-195.5 0.5 -3.3
-191 -8.5 0
-188 -21.5 0
-188 -21.5 0
-151 -218.5 -5.8
-150 -220.5 -5.8
-146 -224.5 -5.8
-146 -224.5 -5.8
-140 -230.5 -10.7
-85 -203 0
-85 -203 0
-22.5 -114.5 0
-20 -130.5 0
-20 -130.5 0
-15.5 -144 0
-15.5 -144 0
-10.5 -155.5 -126.8
-6 -165 -129.4
-6 -165 -125.9
-2 -171 -121.4
0 -173 -121.4
0 -173 -116.7
-93 -205 0
-203 -188 -22.3
-203 -188 -22.3
-197 -178.5 -17.8
-187 -166.5 0
-129.5 -224 -5.8
-127.5 -223 -8.29999
-125.5 -221 -5.8
-80 -195 0
-127 -213.5 -5.8
-130 -208.5 -8.29999
-130 -208.5 -5.8
-132.5 -202 -3.3
-132 -194.5 -3.3
-131 -191.5 -3.3
-131 -191.5 -3.3
-156.5 -134.5 0
-156.5 -134.5 0
-25.5 -136 0
-182.5 -142 0
-182.5 -142 0
-194.5 -129 -8.29999
-194.5 -129 -8.29999
-205 -102 -20.1
-205 -102 -20.1
-209.5 -65 -26.7
-203 -24.5 -17.8
-203 -24.5 -17.8
-203 -24.5 -17.8
-72.5 -7 2.25
-72.5 -7 2.25
-172.5 12 0
-159 13.5 0
-159 13.5 0
-147 13.5 2.25
-147 13.5 2.25
-121.5 -206.5 -3.3
-121.5 -206.5 -3.3
-128.5 -208 -3.3
-134.5 -209.5 -5.8
-134.5 -209.5 -5.8
-137 -211 -5.8
-137 -211 -5.8
-134.5 -211.5 -5.8
-127 -211 -5.8
-127 -211 -5.8
-114.5 -212 -3.3
-114.5 -212 -3.3
-101.5 -213.5 -22.3
-101.5 -213.5 -22.3
-88 -214 0
-88 -214 0
-176.5 -28.5 0
-46 -60.5 4.65
-46 -60.5 4.65
-65 -201 0
-66 -200.5 0
-66 -200.5 0
-76 -201 0
-76 -201 0
-86 -206.5 0
-102 -208 -22.3
-102 -208 -22.3
-123.5 -210 -5.8
-144.5 -215.5 -5.8
-144.5 -215.5 -5.8
-160 -222 -5.8
-165 -225.5 -10.7
-165 -225.5 -8.29999
-165 -225.5 -8.29999
-156 -223 -8.29999
-143.5 -222 -5.8
-127.5 -220.5 -5.8
-127.5 -220.5 -5.8
-113.5 -218.5 -3.3
-106 -220 -13.1
-104.5 -223 -20.1
-107.5 -222 -5.8
-113.5 -220.5 -3.3
-113.5 -220.5 -3.3
-77.5 -198.5 0
-77.5 -198.5 0
-88.5 -204.5 0
-98.5 -208.5 -20.1
-98.5 -208.5 -24.6
-136.5 -221.5 -8.29999
-136.5 -221.5 -8.29999
-136 -221.5 -8.29999
-136 -221.5 -8.29999
-134.5 -221 -5.8
-134.5 -221.5 -5.8
-134.5 -221.5 -5.8
-48 -43.5 2.25
-36 -83 0
-36 -83 0
-38.5 -105 0
-38.5 -105 0
-141.5 -227.5 -8.29999
-143 -228 -8.29999
-143 -228 -8.29999
-143 -228 -8.29999
-143 -228 -5.8
-143.5 -226.5 -5.8
-147 -224.5 -5.8
-147 -224.5 -5.8
-147 -224.5 -5.8
-153.5 -223 -8.29999
-161 -222 -5.8
-161 -222 -5.8
-168.5 -221.5 -10.7
-174 -221 -5.8
-174 -221 -5.8
-177 -220.5 -5.8
-238.5 -123.5 -64.1
-238.5 -123.5 -64.1
-243.5 -124.5 -68.8
-249.5 -124.5 -76.3
-249.5 -124.5 -76.3
-254.5 -124 -79.2
-259.5 -123 -84.7
-259.5 -123 -84.7
-263.5 -121 -87.3
-266.5 -117.5 -91.2
-266.5 -117.5 -89.9
-267 -114.5 -88.6
-267 -114.5 -88.6
-263.5 -110 -84.7
-257.5 -105 -81.9
-149 -220.5 -3.3
-139.5 -220 -10.7
-130.5 -220.5 -5.8
-126.5 -221 -5.8
-128 -222.5 -5.8
-133 -224 -3.3
-133 -224 -5.8
-196.5 -76 -5.8
-192.5 -65.5 -0.699997
-192 -53 -3.3
-192 -53 -0.699997
-192.5 -39.5 -3.3
-192.5 -39.5 -3.3
-193 -26.5 -0.699997
-193 -26.5 -0.699997
-156.5 -217.5 -3.3
-150 -213 -5.8
-150 -213 -5.8
-141.5 -209 -8.29999
-141.5 -209 -8.29999
-134 -206.5 -5.8
-134 -206.5 -5.8
-127 -204.5 -3.3
-121.5 -205.5 -3.3
-121.5 -205.5 -3.3
-117 -210.5 -3.3
-117 -210.5 -3.3
-111.5 -217 -3.3
-37.5 -209 0
-37.5 -209 0
-27.5 -205.5 0
-27.5 -205.5 -31
-27.5 -205.5 -31
-51.5 -51.5 2.25
-10 -194.5 0
-10 -194.5 0
-4.5 -187.5 0
1.5 -193.5 -122.3
1.5 -193.5 -122.3
2.5 -200 -123.2
-126.5 -216.5 -5.8
-126.5 -216.5 -5.8
5 -206.5 -124.1
6 -206.5 -124.1
6 -206.5 -124.1
-116.5 -214.5 -5.8
-109 -214 -3.3
-109 -214 -3.3
-101 -213 -22.3
-93.5 -212 0
-93.5 -212 0
-87.5 -210.5 0
-87.5 -210.5 0
-83 -209.5 0
-7.5 -199.5 -119.6
-16 -200.5 0
-16 -200.5 0
-26 -202.5 0
1.5 -64.5 -153.9
-17.5 -68.5 -143.3
-17.5 -68.5 -141.1
-41 -72.5 0
-67.5 -75.5 0
-127.5 -16.5 0
-126 -23.5 0
-126 -23.5 0
-107.5 -221.5 -5.8
-113 -218.5 -3.3
-113 -218.5 -3.3
-133.5 -41.5 0
-135.5 -46 0
-138 -51.5 0
-138 -51.5 0
-140.5 -58 0
-143 -66 0
-143 -66 0
-147.5 -75 0
-152 -88.5 0
-154.5 -102 0
-154.5 -102 0
-157.5 -117.5 0
-158 -132.5 0
-158 -132.5 0
42 -216.5 0
42 -216.5 0
55.5 -212.5 -22.3
-147 -175.5 -3.3
-147 -175.5 -3.3
-139.5 -183.5 -5.8
-139.5 -183.5 -5.8
-128.5 -188 -3.3
-116.5 -187.5 -3.3
-116.5 -187.5 -3.3
-102.5 -184 -15.5
-90 -177.5 0
-90 -177.5 0
-79.5 -169.5 0
-73 -160.5 -22.3
-73 -160.5 -20.1
-67.5 -150.5 -20.1
-63.5 -139.5 -106.4
-63.5 -139.5 -108.5
-59.5 -127 -113.7
-59.5 -127 -115.7
-56.5 -114 -118.6
-53 -103.5 -119.6
-53 -103.5 -120.5
-50.5 -92.5 -120.5
-48 -83.5 -121.4
-48 -83.5 -121.4
-45 -75 -119.6
-42.5 -68 -120.5
-42.5 -68 -120.5
-40.5 -61 -120.5
201 -25 0
201 -25 0
200 -39.5 0
195.5 -58 0
195.5 -58 0
188 -79.5 0
177.5 -103.5 -52.2
177.5 -103.5 -52.2
161 -125.5 -41.1
71 -219 -0.699997
121.5 -147 -43
104 -142 -39.1
104 -142 -41.1
92 -131.5 -33.1
89 -118 -31
32.5 -227.5 -10.7
32.5 -227.5 -8.29999
19 -227.5 -10.7
8.5 -67 -159.8
-4 -81.5 -172.3
-4 -81.5 -156.3
-15.5 -92.5 -154.5
-22 -98.5 -111.7
-22 -98.5 -141.1
-26 -96.5 -134.3
-28.5 -89 -133.5
-28.5 -89 -127.7
-32 -75.5 -119.6
-36 -61 -120.5
-41 -47 -125.9
-47 -33 -127.7
-47 -33 -126.8
107 -203.5 0
-2 -215.5 -122.3
95.5 -198 0
95.5 -198 0
87 -199 0
78 -199.5 0
78 -199.5 0
69 -199 0
69 -199 0
61.5 -200.5 0
53 -205.5 0
53 -205.5 0
42 -213.5 0
42 -213.5 0
31.5 -219 0
23.5 -218.5 -122.3
23.5 -218.5 -123.2
19 -216.5 -124.1
14.5 -216.5 -125
14.5 -216.5 -122.3
8.5 -217.5 -121.4
1 -216.5 -127.7
1 -216.5 -126.8
-5.5 -214.5 -127.7
-5.5 -214.5 -125
-9 -210.5 -124.1
-9 -210.5 -123.2
-58 -49 0
-63 -37 0
-63 -37 0
-64.5 -20.5 4.65
-64.5 -20.5 4.65
-57.5 -14.5 4.65
9 -214 0
9 -214 0
19.5 -215 0
-62.5 -208.5 0
28 -211 0
31 -210 0
32.5 -210.5 0
30.5 -213.5 0
-55 -215 0
-55 -215 0
-46 -216 -125.9
-46 -216 -125.9
25.5 -211.5 -112.7
15.5 -210 0
3.5 -209 -121.4
-6.5 -210 -124.1
-6.5 -210 -123.2
-15 -210 -122.3
-15 -210 -120.5
-33.5 -207.5 0
-21 -210 -115.7
-21 -210 0
-20.5 -210 0
-20.5 -210 0
-18.5 -209.5 0
-13 -210.5 -120.5
-13 -210.5 -122.3
-6 -213 -123.2
-6 -213 -122.3
-35 -205.5 0
-35 -205.5 -116.7
-33.5 -206 -120.5
-33.5 -206 -120.5
-34.5 -206 -121.4
-37.5 -205 -120.5
-37.5 -205 -121.4
-43 -203.5 -120.5
-43 -203.5 -121.4
-51 -201 -120.5
42 -220.5 -108.5
42 -220.5 -105.3
94 -53.5 4.65
94 -53.5 4.65
117.5 -66 0
-66.5 -76.5 -113.7
-66.5 -76.5 -112.7
158.5 -94 -44.9
158.5 -94 -43
171.5 -107 -48.6
171.5 -107 -48.6
180.5 -119.5 -59.1
185.5 -131 -57.4
185.5 -131 -57.4
187 -141.5 -54
184.5 -151.5 -59.1
184.5 -151.5 -59.1
179.5 -161 -60.8
179.5 -161 -60.8
162 -185.5 -62.4
152 -200 0
140 -211.5 0
140 -211.5 -35.1
-15.5 -228.5 0
-36 -219 -120.5
104.5 -223.5 -0.699997
104.5 -223.5 -0.699997
96.5 -218.5 0
94.5 -211 -113.7
102.5 -204.5 -108.5
117 -198.5 -39.1
117 -198.5 -39.1
135.5 -189 -17.8
149 -176 -62.4
149 -176 -60.8
153.5 -156.5 -57.4
146.5 -131.5 -41.1
146.5 -131.5 -41.1
126 -98.5 -43
126 -98.5 -43
93.5 -61.5 2.25
53.5 -25 -108.5
53.5 -25 -132.7
10.5 8.5 -113.7
10.5 8.5 -113.7
33 -202 -106.4
33 -202 -108.5
49.5 -198 -105.3
49.5 -198 -105.3
64.5 -196.5 0
-7.5 -78.5 -161
-7.5 -78.5 -120.5
-41 -88.5 -116.7
-80 -92.5 0
-80 -92.5 0
-119.5 -91 0
-119.5 -91 0
-151.5 -85 0
-169.5 -75.5 0
-169.5 -75.5 0
-174.5 -62 0
-175 -50 0
-175 -50 0
-172 -37.5 0
-172 -37.5 0
-162.5 -23.5 0
-162.5 -23.5 0
-145.5 -10.5 0
-145.5 -10.5 0
-121 -2 0
-88 3 0
-88 3 2.25
-52 4 -111.7
-4.5 -213.5 -116.7
-4.5 -213.5 -115.7
-49 -200.5 0
8.5 92.5 -116.7
33.5 82 -113.7
12 -205.5 0
12 -205.5 0
13 -202 0
13 -202 0
11 -200 0
11 -200 0
7.5 -200 -119.6
60.5 29 -105.3
51 4.5 -109.6
51 4.5 -108.5
39.5 -25.5 -110.6
-20.5 -202.5 0
-26 -203 0
-27 -202 -28.9
-92.5 -108 0
-92.5 -108 0
-92.5 -108 0
-92.5 -108 0
-92.5 -108 0
-23 -197.5 0
-24.5 -199.5 0
-24.5 -199.5 0
-24.5 -199.5 0
-26 -202 0
-27.5 -204 -24.6
-27.5 -204 -24.6
-30 -204 -26.7
-33 -203.5 -24.6
-33 -203.5 -26.7
-36 -202.5 -24.6
-36 -202.5 -22.3
-39.5 -202 0
-43 -202 0
-43 -202 0
-45.5 -203 0
-45.5 -203 0
-47 -204 0
-46.5 -206 0
-46.5 -206 0
-43.5 -207 0
-35.5 -209.5 -22.3
-35.5 -209.5 -22.3
-25 -213 0
-25 -213 0
-17 -214 0
-17 -214 0
-14 -212.5 0
-8.5 -212.5 -110.6
-8.5 -212.5 -113.7
-1 -213 -112.7
1.5 -213.5 -114.7
1.5 -213.5 -114.7
-1 -212 -112.7
-3.5 -211 -113.7
-3.5 -211 -112.7
-4.5 -211 -112.7
-5.5 -211 -112.7
-5.5 -211 -111.7
-6.5 -211 -111.7
-62 -198.5 0
-62 -198.5 0
-67 -196 0
-67 -196 0
-72 -192 0
-18.5 -211 0
-18.5 -211 0
-21.5 -212 0
-24.5 -212 0
-58.5 52 0
-37 47 4.65
-14 42 4.65
9 37.5 -161
29.5 33 -141.9
-100 -184.5 -20.1
36 36 -130.2
36 36 -133.5
18 40 -146.1
-11 45 -161
-11 45 -168.9
-46 51 4.65
-92.5 -108 0
-92.5 -108 0
-92.5 -108 0
-92.5 -108 0
-92.5 -108 0
-92.5 -108 0
-92.5 -108 0
-92.5 -108 0
-92.5 -108 0
-92.5 -108 0
-122 7 0
-122 7 0
-129 1 0
-136 -5.5 0
-136 -5.5 0
-144.5 -12 0
-144.5 -12 0
-144.5 -12 0
-76.5 -191.5 0
-64 -196.5 0
-64 -196.5 0
-49.5 -203 0
-49.5 -203 0
-34 -211.5 0
5 -220.5 -120.5
5 -220.5 -120.5
25.5 -221 -123.2
25.5 -221 -3.3
48.5 -219.5 -3.3
69 -217 0
69 -217 0
-124 -59.5 0
-124 -59.5 0
-108 -56.5 0
-108 -56.5 0
-94.5 -53 0
-81.5 -50 0
-81.5 -50 -119.6
-70.5 -47.5 -123.2
-60 -45.5 -117.6
-60 -45.5 -114.7
1.5 -234 -117.6
1.5 -234 -115.7
-5.5 -232 0
-12 -228.5 -5.8
-12 -228.5 -3.3
-20.5 -223.5 -0.699997
-28 -218.5 0
-28 -218.5 -0.699997
78 -201.5 0
67 -203.5 0
52 -207 -100.8
32 -209.5 -100.8
9.5 -209.5 0
9.5 -209.5 -118.6
-11 -206 -119.6
-22.5 -202 0
-22.5 -202 0
-45.5 -196 0
-47 -187 0
-48.5 -184 0
-48.5 -184 0
129.5 -75 -33.1
128 -78 -37.1
121.5 -81.5 -37.1
121.5 -81.5 -37.1
111.5 -88.5 -37.1
111.5 -88.5 -39.1
-54.5 -105 0
-75.5 -128 0
-75.5 -128 0
-93.5 -148.5 -15.5
-93.5 -148.5 -20.1
-110 -165.5 -3.3
-110 -165.5 -5.8
-121 -176 -3.3
16 -166 -106.4
16 -166 -105.3
-1.5 -177.5 -150.1
-16.5 -185 -147.5
-16.5 -185 -147.5
-6 -187.5 -100.8
-6 -187.5 -98.5
-50.5 -180.5 0
-3 -201.5 -112.7
-3 -201.5 -114.7
-1.5 -207 -117.6
-1.5 -207 -116.7
-86.5 -143 -13.1
-4 -221 -118.6
-4 -221 0
-7 -229 0
-7 -229 -8.29999
-9 -233 -13.1
-10 -232 -13.1
-93 -72.5 0
-93 -72.5 0
-87.5 -57 0
-82 -44.5 0
-19.5 -217 0
-19.5 -217 0
-20 -211 0
-66.5 -16.5 2.25
-66.5 -16.5 -100.8
14 -195 -106.4
7.5 -47 -107.5
7.5 -47 -107.5
20.5 -46.5 -106.4
30.5 -43.5 -105.3
30.5 -43.5 -105.3
30.5 -43.5 -104.2
38.5 -39 -106.4
28.5 -184 -106.4
29 -194.5 -105.3
28.5 -206.5 -104.2
30 -210.5 -103.1
30 -210.5 -105.3
34 -211.5 -106.4
33.5 -209.5 -106.4
32.5 -206.5 -106.4
-36.5 -204 -116.7
-36.5 -204 -116.7
-23.5 -203 -113.7
-23.5 -203 -112.7
-12.5 -202.5 0
-12.5 -202.5 0
12.5 -92.5 -125
12.5 -92.5 -125
3 -116 -136.6
3 -116 -130.2
-7 -135.5 -133.5
-7 -135.5 -96.1
-15 -147.5 0
-20.5 -150.5 0
-20.5 -150.5 0
89.5 -49.5 2.25
89.5 -49.5 2.25
110.5 -55.5 2.25
110.5 -55.5 2.25
130 -59.5 0
148 -60.5 0
148 -60.5 0
-13 -141 0
-13 -141 -99.7
164 -61.5 2.25
164 -61.5 0
159 -66 0
159 -66 0
144.5 -77.5 -33.1
144.5 -77.5 -33.1
125 -88.5 -41.1
125 -88.5 -41.1
28 -202.5 -89.9
28 -202.5 -89.9
43.5 -203.5 -91.2
43.5 -203.5 -93.7
55.5 -202.5 0
55.5 -202.5 0
53.5 -125.5 0
72.5 -200.5 0
72.5 -200.5 0
-27 -203 0
-27 -203 0
-11 -210.5 0
-11 -210.5 0
5.5 -214.5 -107.5
5.5 -214.5 -107.5
22 -216 0
22 -216 0
37.5 -215 0
37.5 -215 0
37.5 -215 0
48.5 -213 0
48.5 -213 0
83.5 -191.5 0
83.5 -191.5 0
85.5 -190.5 0
85.5 -190.5 0
88.5 -189.5 0
88.5 -189.5 0
89 -187.5 0
89 -187.5 0
89.5 -186 0
89.5 -186 0
88.5 -184.5 0
88.5 -184.5 0
86.5 -183.5 0
83.5 -182.5 0
83.5 -182.5 0
-92.5 -108 0
-92.5 -108 0
-92.5 -108 0
-92.5 -108 0
-92.5 -108 0
-92.5 -108 0
-92.5 -108 0
-92.5 -108 0
-92.5 -108 0
-92.5 -108 0
-92.5 -108 0
-92.5 -108 0
-92.5 -108 0
-92.5 -108 0
-92.5 -108 0
-92.5 -108 0
-92.5 -108 0
-92.5 -108 0
-92.5 -108 0
-92.5 -108 0
-92.5 -108 0
-92.5 -108 0
-92.5 -108 0
-92.5 -108 0
3 -196.5 -102
3 -196.5 -102
-92.5 -108 0
-92.5 -108 0
-92.5 -108 0
-92.5 -108 0
-92.5 -108 0
-92.5 -108 0
-92.5 -108 0
-15.5 -193.5 0
-15.5 -193.5 0
-24 -193 0
-24 -193 0
-32 -193.5 -20.1
-32 -193.5 -22.3
-35.5 -192 -20.1
-35.5 -192 0
-38.5 -191.5 0
-38.5 -191.5 0
-48 -197.5 0
-48 -197.5 0
-55 -199.5 0
-55 -199.5 0
-92.5 -108 0
-92.5 -108 0
54.5 -87 -89.9
54.5 -87 -89.9
47.5 -95.5 -89.9
47.5 -95.5 -89.9
39 -104.5 -86
39 -104.5 -86
-35 -177 -22.3
-35 -177 -22.3
-92.5 -108 0
-92.5 -108 0
-92.5 -108 0
-92.5 -108 0
-41 -179.5 0
-41 -179.5 0
-39.5 -182.5 0
-39.5 -182.5 0
-92.5 -108 0
-92.5 -108 0
-40 -183.5 0
-40 -183.5 0
-40.5 -184 0
-40.5 -184 0
-40 -184.5 0
-40 -184 0
-40 -184 0
-40 -184 0
-40 -184 0
-92.5 -108 0
-92.5 -108 0
-92.5 -108 0
-92.5 -108 0
-92.5 -108 0
-92.5 -108 0
-92.5 -108 0
-93 -37.5 0
-93 -37.5 0
-92.5 -108 0
-27.5 -185.5 0
-27.5 -185.5 0
-27 -185.5 0
-27 -185.5 0
-111.5 -72.5 0
-111.5 -72.5 0
-116 -76.5 0
-116 -76.5 0
-122 -80.5 0
-122 -80.5 0
-128 -85 0
-128 -85 0
-135.5 -90 0
-135.5 -90 0
-143.5 -95 0
-143.5 -95 0
-152.5 -101.5 0
-152.5 -101.5 0
-161 -108 0
-161 -108 0
-168 -113.5 0
-168 -113.5 0
-174 -118.5 0
-174 -118.5 0
-41 -186 0
-41 -186 0
-92.5 -108 0
-92.5 -108 0
-92.5 -108 0
-92.5 -108 0
-92.5 -108 0
-11.5 -180.5 0
-11.5 -180.5 0
-10.5 -180 0
-11 -180.5 0
-11 -180.5 0
-12 -184.5 0
-12 -184.5 0
-12 -184.5 0
-11.5 -186.5 0
-10.5 -186.5 0
-10.5 -186.5 0
-9.5 -186 0
-8 -186.5 0
-8 -186.5 0
-6 -186 0
-6 -186 0
-6 -186 0
-6 -185.5 0
-6.5 -185.5 0
-41 -200.5 0
-41 -200.5 0
-9.5 -186 0
-9.5 -186 0
-10 -186.5 0
-10.5 -186.5 0
-10.5 -186.5 0
-11 -187 0
-11 -187 0
-10 -187.5 0
-111 -47.5 0
96.5 -113 -35.1
96.5 -113 -35.1
84.5 -120.5 -120.5
71.5 -127 -122.3
56.5 -134.5 -124.1
38.5 -142.5 -124.1
38.5 -142.5 -127.7
19 -149.5 -125
-3 -156 -161
-25 -161.5 0
-43 -167 0
-43 -167 -20.1
-43 -167 -20.1
-55 -171 0
-60 -173 0
-60 -173 0
-156.5 -41 0
-167.5 -52.5 0
-178 -72 0
-178 -72 0
-180 -99.5 0
-173 -127 0
-173 -127 0
-158.5 -149.5 -0.699997
-134 -167 -5.8
-107.5 -178.5 -8.29999
-107.5 -178.5 -5.8
-81.5 -190 0
-81.5 -190 0
-59 -198 -135.9
-59 -198 -135.9
-59 -198 -136.6
-37 -205.5 -135.9
-37 -205.5 -135.9
-15 -211.5 0
6.5 -214.5 -150.8
6.5 -214.5 -150.8
25.5 -214.5 -138.9
25.5 -214.5 -138.9
42 -210 0
42 -210 0
93.5 -195 0
93.5 -195 0
107.5 -203.5 0
107.5 -203.5 0
120 -210 0
120 -210 0
129 -211.5 -22.3
129 -211.5 -22.3
134 -210 -22.3
134 -210 -22.3
136 -205.5 0
136 -205.5 0
133 -200.5 -22.3
133 -200.5 -22.3
133 -200.5 -22.3
126.5 -194.5 0
126.5 -194.5 0
116.5 -190 -39.1
116.5 -190 -39.1
102.5 -186.5 -41.1
102.5 -186.5 -41.1
85.5 -185 -127.7
85.5 -185 -127.7
66 -185.5 -128.5
66 -185.5 -125
45 -185.5 0
24 -185.5 -124.1
24 -185.5 -124.1
0.5 -183.5 -142.6
0.5 -183.5 -142.6
-97 -139 0
-97 -139 -8.29999
-116 -147.5 0
-116 -147.5 0
-37.5 -188.5 0
-37.5 -188.5 0
-138.5 -158 -3.3
-138.5 -158 -3.3
-141 -159 -3.3
-141 -159 -3.3
-48 -184.5 0
-48 -184.5 0
-48.5 -179.5 0
-48.5 -177 0
-48 -176.5 0
-48 -176.5 0
-50 -173 0
-53.5 -172.5 0
-53.5 -172.5 0
-58 -170.5 0
-58 -170.5 0
-63.5 -169 0
-63.5 -169 0
-67.5 -167 0
-69 -165 -20.1
-69 -165 -20.1
-69 -162 -20.1
-69 -162 -20.1
-69 -162 -20.1
-66.5 -161 -20.1
-66.5 -161 -20.1
-61.5 -163 -20.1
-61.5 -163 -20.1
-87.5 -165.5 -17.8
-87.5 -165.5 -17.8
-70.5 -163 -20.1
-70.5 -163 -20.1
-20 -165.5 0
-20 -165.5 0
-1 -163 -138.9
-1 -163 -138.9
17 -156 -115.7
32.5 -146.5 -126.8
32.5 -146.5 -126.8
-16 -163.5 -118.6
-14 -167 -120.5
-14 -169 -119.6
-17 -168.5 -120.5
-17 -168.5 -119.6
-19.5 -162 -118.6
-23 -152 -115.7
-27 -139.5 -115.7
-30.5 -125.5 -112.7
-35 -111.5 -113.7
-35 -111.5 -111.7
-40 -98 -111.7
-45 -85 -111.7
-50 -74 -108.5
-55.5 -63.5 -113.7
-60 -55 -115.7
57.5 -189 -113.7
57.5 -189 -114.7
54.5 -190.5 -114.7
54.5 -190.5 -115.7
51.5 -193 -117.6
-76.5 -35.5 0
102.5 -91.5 -35.1
100.5 -101.5 -35.1
100.5 -101.5 -105.3
95 -112 -105.3
85 -120.5 -107.5
72.5 -128.5 -112.7
72.5 -128.5 -112.7
59 -139.5 -113.7
43.5 -151 -114.7
28.5 -164 -109.6
28.5 -164 0
14.5 -177 -114.7
-0.5 -188.5 -148.1
-0.5 -188.5 -148.1
-14.5 -201.5 0
-82 -161 -20.1
-82 -161 -20.1
-31 -222.5 -24.6
-35 -230 -20.1
-81 -226 -5.8
-32.5 -206 -24.6
-32.5 -206 -24.6
-30.5 -206.5 -24.6
-29.5 -207.5 -28.9
-29.5 -207.5 -28.9
-92.5 -108 0
-92.5 -108 0
-21.5 -202 -122.3
-21.5 -202 -122.3
-22 -203 -121.4
-22 -203 -121.4
-22 -203 -117.6
-100 -231 -22.3
42.5 -220 -112.7
42.5 -220 -111.7
48 -194.5 -110.6
48 -194.5 -110.6
51 -168.5 -116.7
51 -168.5 -117.6
52 -144.5 -124.1
52 -144.5 -124.1
-9 -188 0
-9 -188 0
-9 -188 0
-5 -187.5 -116.7
-3.5 -187.5 -116.7
-3.5 -187.5 -118.6
0 -192.5 -120.5
0 -192.5 -119.6
-4 -188.5 -119.6
-4 -188.5 -117.6
-5.5 -188.5 0
-5.5 -188.5 0
-6 -189 0
-6 -189 0
-6 -189 0
-7 -189 0
-7 -189 0
-8 -189 0
-8 -189 0
-9 -194.5 0
-10 -196 0
-13.5 -197.5 0
-17.5 -199 0
-128 -213.5 -5.8
-128.5 -214.5 -5.8
-128.5 -216.5 -5.8
-130 -217.5 -5.8
-129 -217 -5.8
-128 -217 -5.8
-26.5 -204 0
-26.5 -204 0
-153.5 -88.5 0
-170 -76.5 0
-183 -60 0
-128 -214 -5.8
-128 -214 -5.8
-128 -214 -5.8
-128 -214 -5.8
-128 -214 -5.8
-128 -213.5 -5.8
-128 -213.5 -5.8
-179.5 -2 0
-166 5 0
-166 5 0
-166 5 0
-122 -211.5 -3.3
-122 -211.5 -3.3
-116.5 -210 -3.3
-16 -192 0
-16 -192 0
-22.5 -189.5 0
-22.5 -189.5 0
-33.5 -191 -20.1
-44 -196 0
-129.5 -3.5 0
-45.5 -203.5 0
-39.5 -205.5 0
-39.5 -205.5 0
-63 -210 0
-63 -210 0
-54 -213.5 0
-48 -216 0
-48 -216 0
-46 -217.5 0
-46 -217.5 0
-49 -219.5 0
-55 -220.5 0
-61.5 -223 -0.699997
-61.5 -223 -0.699997
-65 -225 -3.3
-64.5 -226 -5.8
-63 -225 -5.8
-63 -225 -3.3
-60 -223.5 0
-57.5 -222.5 0
-54.5 -219.5 0
-52.5 -217 0
56 -95.5 -113.7
-79.5 -74.5 0
-96.5 -80.5 0
-96.5 -80.5 0
-114 -83.5 0
-128.5 -82.5 0
-138 -80.5 0
-146 -81 0
-146 -81 0
-153 -81.5 0
-160 -83 0
-160 -83 0
-167.5 -86.5 0
-171.5 -89.5 0
-172.5 -92.5 0
-171.5 -93 0
-171.5 -93 0
-171.5 -93 0
-166.5 -90.5 0
-159 -87.5 0
-77.5 -182.5 0
-77.5 -182.5 0
-136.5 -79 0
-124.5 -73 0
-115 -65.5 0
-115 -65.5 0
-106.5 -57.5 0
-106.5 -57.5 0
-32.5 -202.5 -104.2
-32.5 -202.5 -104.2
-93 -42.5 0
-93 -42.5 0
-87.5 -37 -118.6
-87.5 -37 -118.6
-28 -209.5 0
-31.5 -210 -100.8
-31.5 -210 -26.7
-31.5 -210 -26.7
-32.5 -208.5 -24.6
-32.5 -208.5 -24.6
46 -180.5 -108.5
46 -180.5 -104.2
30 -187 -104.2
30 -187 -103.1
17 -193.5 0
17 -193.5 0
-52.5 -199.5 0
-52.5 -199.5 0
-64 -195 0
-64 -195 0
-58 -37.5 2.25
-58 -37.5 2.25
-64.5 -49.5 2.25
-64.5 -49.5 2.25
-71 -61.5 0
-71 -61.5 0
-72.5 -71 0
-72.5 -71 0
-70.5 -77.5 0
-70.5 -77.5 0
-64.5 -80 0
-64.5 -80 0
-55.5 -80 0
-47.5 -77.5 0
-41.5 -73.5 -89.9
-41.5 -73.5 -88.6
21.5 -194 0
21 -194 0
19 -194 0
19 -194 0
16 -193 0
-47 -62.5 0
-47 -62.5 0
-54 -58.5 2.25
-54 -58.5 2.25
-64.5 -50.5 2.25
-64.5 -50.5 2.25
-78 -39 2.25
-78 -39 2.25
-92.5 -108 0
-92.5 -108 0
-92.5 -108 0
-92.5 -108 0
-92.5 -108 0
-92.5 -108 0
-92.5 -108 0
-92.5 -108 0
-92.5 -108 0
-92.5 -108 0
-92.5 -108 0
-92.5 -108 0
-92.5 -108 0
15 -196 0
15 -196 0
13.5 -197 0
13.5 -197 0
12.5 -198 0
12.5 -198 0
10.5 -199 0
10.5 -195.5 0
10.5 -195.5 0
14.5 -187.5 0
14.5 -187.5 0
21 -178 0
21 -178 0
-87.5 -15 0
-47.5 -184 0
-47.5 -184 0
-98 -34 0
-43.5 -186 0
-40 -187 -105.3
-92.5 -44.5 0
-85.5 -45.5 0
-85.5 -45.5 0
-78 -43 0
-72.5 -39 0
-67.5 -35 0
-64.5 -29.5 0
-64.5 -29.5 -106.4
-62 -25 -106.4
-62 -25 -107.5
-60.5 -20.5 -111.7
6.5 -196.5 -117.6
8.5 -199.5 -116.7
-54.5 -14.5 4.65
-52.5 -14 4.65
-50 -12.5 4.65
-50 -12.5 4.65
-46.5 -12 4.65
-42.5 -11.5 4.65
-39 -12.5 4.65
-36.5 -15 4.65
-33.5 -18.5 2.25
-33.5 -18.5 4.65
-33.5 -18.5 4.65
-29 -21.5 4.65
-23 -24.5 4.65
-23 -24.5 4.65
-8.5 -94.5 -89.9
-28.5 -106 0
-50.5 -115 0
-50.5 -115 0
-69 -120.5 0
-85 -124.5 0
-11 -181 0
-11 -181 0
-92.5 -108 0
-92.5 -108 0
-92.5 -108 0
-29.5 -101.5 0
-48.5 -113 0
-48.5 -113 0
-67 -119 0
-67 -119 0
-82.5 -121 0
-82.5 -121 0
-94.5 -122 0
-94.5 -122 0
-106 -123 0
-106 -123 0
-114.5 -124.5 0
-92.5 -108 0
-92.5 -108 0
-92.5 -108 0
-92.5 -108 0
-92.5 -108 0
-92.5 -108 0
-92.5 -108 0
-92.5 -108 0
-92.5 -108 0
-40.5 -185.5 0
-40.5 -185.5 0
-92.5 -108 0
-92.5 -108 0
-47.5 -184 0
-92.5 -108 0
-92.5 -108 0
-92.5 -108 0
-92.5 -108 0
-47.5 -183.5 0
-93.5 -109 0
-37.5 -184 -22.3
-21 -183 0
-21 -183 0
-6.5 -182 -97.3
-92.5 -108 0
-92.5 -108 0
-92.5 -108 0
-92.5 -108 0
-4.5 -182.5 -94.9
-28.5 -198 -26.7
-28.5 -198 -26.7
-18.5 -195 0
90 84.5 -87.3
-3.5 -188 0
-92.5 -108 0
-92.5 -108 0
-92.5 -108 0
98 63 -119.6
-4.5 -187 0
-9 -179 0
-10 -179 0
-10 -179 0
-10 -178.5 0
-10 -178 0
-10 -178 0
-10 -178 0
-11 -178 0
-92.5 -108 0
-92.5 -108 0
-41.5 -187 0
-41.5 -187 0
-46 -186 0
-46 -186 0
-92.5 -108 0
-118 -61.5 0
-135 -70.5 0
-135 -70.5 0
-155 -76 0
-176 -73.5 0
-176 -73.5 0
-176 -73.5 0
-192.5 -64.5 0
-204 -51 -17.8
-204 -51 -17.8
-208 -32.5 -20.1
-205.5 -16 -17.8
-197 -6 -3.3
-197 -6 -3.3
-185 -6.5 0
-171 -13.5 0
-155 -23.5 0
-139 -34 0
-92.5 -108 0
-92.5 -108 0
-92.5 -108 0
-92.5 -108 0
-92.5 -108 0
-92.5 -108 0
-39.5 -182 0
8 -165 -111.7
-2.5 -172 -111.7
-16 -179 0
-26 -181 0
-39 -181.5 0
-52 -180.5 0
-52 -180.5 0
-71 -176.5 0
-87 -170 0
-102 -161 -17.8
-102 -161 -17.8
-114.5 -151 -0.699997
-114.5 -151 -0.699997
-123.5 -140 0
-89.5 -187.5 0
-89.5 -187.5 0
-92 -189 0
-91 -191.5 0
-197 24.5 -3.3
-197 24.5 -3.3
-192 28 0
-188 29 0
-188 29 0
-182 28.5 0
-178 25.5 0
-178 25.5 0
-174 21 0
-172.5 16 0
-172.5 16 0
-172.5 16 0
-172.5 16 0
-172.5 10 0
-173 3.5 0
-173 3.5 0
-174 -5.5 0
-174 -5.5 0
-175 -16 0
-175 -16 0
-175.5 -28.5 0
-175.5 -28.5 0
-176 -42.5 0
-174.5 -58 0
-174.5 -58 0
-173.5 -75 0
-173.5 -75 0
-171 -92 0
-171 -92 0
-166.5 -108.5 0
-166.5 -108.5 0
-161.5 -123 0
-161.5 -123 0
-156 -134 0
-156 -134 0
-156 -134 0
-152 -138 0
-152 -138 0
-150 -138 0
-150 -138 0
-149.5 -135.5 0
-150 -134 0
-150 -134 0
-150 -132.5 0
-147.5 -130.5 0
-147.5 -130.5 0
-129.5 -135.5 0
-115 -140 0
-99.5 -143 -10.7
-99.5 -143 -10.7
-83.5 -146 -13.1
-69.5 -148 -15.5
-69.5 -148 -15.5
-54 -149 -20.1
-54 -149 -20.1
-36.5 -148.5 -15.5
-19.5 -146.5 -96.1
-19.5 -146.5 -97.3
-4.5 -142 -126.8
-4.5 -142 -126.8
9 -137 -127.7
9 -137 -127.7
20.5 -130 -125
20.5 -130 -118.6
30.5 -121.5 -120.5
30.5 -121.5 -120.5
39 -112.5 -118.6
39 -112.5 -118.6
47 -104 -118.6
53.5 -96 -103.1
53.5 -96 -105.3
39 -191 0
39 -191 0
55.5 -188.5 -22.3
55.5 -188.5 -22.3
55.5 -188.5 0
67.5 -185 0
67.5 -185 0
9 -207.5 -122.3
9 -207.5 -122.3
10 -209.5 -125
12.5 -212.5 -124.1
12.5 -212.5 -125
16.5 -217 0
16.5 -217 0
21 -221 -0.699997
26 -223.5 -3.3
26 -223.5 -3.3
30.5 -225 -3.3
-10 -90.5 -118.6
-10 -90.5 -115.7
-18.5 -83.5 -116.7
-27.5 -75 -113.7
-36.5 -66.5 -111.7
-36.5 -66.5 -111.7
-46 -59 -109.6
-46 -59 -109.6
-56 -52.5 -107.5
-65.5 -47.5 -107.5
40.5 -180.5 -119.6
40.5 -180.5 -119.6
-20 -210 -108.5
134 -64.5 0
127.5 -83 -39.1
116 -104 -43
116 -104 -41.1
99.5 -126 -39.1
81.5 -145.5 -109.6
61.5 -162.5 -108.5
39.5 -180 -109.6
13.5 -196.5 0
-14 -211.5 -146.8
-43.5 -222 -0.699997
-43.5 -222 -3.3
-74 -224 -5.8
-102.5 -217.5 -20.1
-125.5 -205.5 -3.3
-144 -189 -5.8
-161 -172.5 -3.3
-172.5 -155.5 -3.3
-172.5 -155.5 -3.3
-181.5 -139 0
-185 -124 0
-183.5 -109 0
-183.5 -109 0
-183.5 -109 0
-177 -96 0
-165 -85.5 0
-145 -75.5 0
-145 -75.5 0
-117 -65 0
-83.5 -55 0
-83.5 -55 0
-45.5 -45 2.25
-45.5 -45 2.25
-2.5 -36 -179.8
41 -28.5 -125
41 -28.5 -125
85.5 -18.5 -135.9
85.5 -18.5 -135.9
123.5 -12 26.05
146.5 -4.5 23.15
146.5 -4.5 23.15
150 -3.5 23.15
150 -3.5 23.15
144 -4.5 23.15
144 -4.5 26.05
32 -205.5 -124.1
32 -205.5 -124.1
30 -207.5 -124.1
30 -207.5 -124.1
26 -208.5 -124.1
20.5 -209.5 -122.3
20.5 -209.5 -124.1
14 -210.5 0
14 -210.5 0
7 -212 0
1 -212.5 -128.5
1 -212.5 -130.2
-4 -214.5 -130.2
-4 -214.5 -127.7
-5 -216.5 -127.7
-5 -216.5 -127.7
-3 -218.5 -127.7
-3 -218.5 -127.7
2.5 -222.5 -128.5
2.5 -222.5 -127.7
8 -226.5 -5.8
173 -11.5 20.3
156.5 -15.5 20.3
134.5 -19 20.3
134.5 -19 20.3
111 -22.5 23.15
-79 -9 -103.1
-79 -9 -103.1
-95.5 -13 -112.7
-111 -15.5 0
-127 -20 0
-127 -20 0
-143 -26 0
-143 -26 0
-152 -34.5 0
-157 -39.5 0
-157 -39.5 0
-157 -39.5 0
-155 -42.5 0
-155 -42.5 0
-150.5 -44 0
-143 -44 0
-143 -44 0
-134.5 -43 0
-134.5 -43 0
-80 -225.5 -3.3
-79 -227 -8.29999
-79 -227 -5.8
-77 -228 -8.29999
-77 -228 -8.29999
-75 -229.5 -10.7
-73 -230.5 0
-73 -230.5 0
-74 -229.5 0
-74 -229.5 0
-76 -228.5 0
-78 -227 -8.29999
-78 -227 -5.8
-79 -225.5 -3.3
-79 -225.5 -8.29999
-76.5 -27.5 2.25
-80 -224.5 -3.3
-80 -224.5 -3.3
-80 -224.5 -3.3
-80 -224.5 -3.3
-80 -224.5 -3.3
-81 -222.5 -3.3
19.5 -230 -13.1
19.5 -230 -13.1
13 -233.5 -13.1
-84.5 -213.5 0
-85 17 2.25
-81.5 -208 0
-81.5 -208 0
-78.5 -208 0
-78.5 -208 0
-76.5 -208 0
-75.5 -208.5 0
-75.5 -209 0
-142.5 -19.5 0
-142.5 -19.5 0
-157.5 -41 0
-169 -49.5 0
-180 -54 0
-189 -56.5 0
-194 -58 -3.3
-198.5 -58 -8.29999
-198.5 -58 -10.7
-198.5 -57 -8.29999
-195 -56.5 -3.3
-188.5 -55.5 0
-82 -230.5 -10.7
-170 -56.5 0
-161 -57.5 0
-161 -57.5 0
-151.5 -56.5 0
-143.5 -53.5 0
-135 -49 0
-135 -49 0
-126.5 -41.5 0
-120 -31.5 2.25
-2 -208 -126.8
-2 -208 -125.9
-2 -203.5 -125
-2 -203.5 -125
-4 -199.5 -122.3
-78.5 -214 0
-78.5 -214 0
-78 -212.5 0
-78 -212.5 0
-78 -210.5 0
-130 -13.5 0
-132.5 -23 0
-132.5 -23 0
-38.5 -206.5 0
-38.5 -206.5 0
-5.5 -82 -178.1
-5.5 -82 -178.1
-17.5 -98 -179
-17.5 -98 -177.7
-29.5 -116 0
-29.5 -116 0
-39 -137.5 0
-39 -137.5 0
-39 -137.5 0
-148 -78 0
-148 -78 0
-75.5 -188 0
-80.5 -184.5 0
-80.5 -184.5 0
-87.5 -183.5 0
-87.5 -183.5 0
-96.5 -184 0
-96.5 -184 0
-107.5 -189 -8.29999
-107.5 -189 -8.29999
-111.5 -190.5 -3.3
-111.5 -190.5 -3.3
-114.5 -193 -5.8
-114.5 -193 -5.8
-113 -196 -3.3
-115 -196.5 -3.3
-116.5 -199.5 -3.3
-116.5 -199.5 -5.8
-117 -205.5 -3.3
-117 -205.5 -3.3
-117 -214.5 -5.8
-117 -223 -3.3
-117 -223 -5.8
-120.5 -229 -10.7
-120.5 -229 -10.7
-122.5 -227 -10.7
-122.5 -227 -10.7
-2.5 -91.5 -89.9
-2.5 -91.5 -89.9
0.5 -85.5 -92.4
0.5 -76 -92.4
0.5 -76 -96.1
-144 -129.5 0
-144 -129.5 0
-158 -151 -0.699997
-158 -151 -0.699997
-171 -167 -5.8
-171 -167 -3.3
-180 -173.5 -0.699997
-180 -173.5 -0.699997
-184 -169.5 0
-184 -169.5 0
-186.5 -160.5 -0.699997
-186.5 -160.5 -0.699997
-185 -153.5 0
-185 -153.5 0
-179 -145 0
-179 -145 0
-169 -135 0
-156 -122.5 0
-156 -122.5 0
-142 -106.5 2.25
-142 -106.5 2.25
-129 -88.5 0
-11.5 -180 0
-11.5 -180 0
-11.5 -180 0
-11.5 -180 0
-12 -180.5 0
-12 -181 0
-12 -181 0
-12.5 -181.5 0
-41.5 -197.5 0
-41.5 -197.5 0
-49 -197 0
-57 -196.5 0
-57 -196.5 0
-92.5 -108 0
-92.5 -108 0
-92.5 -108 0
-47 -182.5 0
-47 -182 0
-96 -185 0
-96 -185 0
-89.5 -183.5 0
-79 -185 0
-79 -185 0
-69.5 -185 0
-35 -170.5 -22.3
-35 -170.5 -22.3
-92.5 -108 0
-92.5 -108 0
-101.5 -51 0
-110 -75 0
-110 -75 0
-116.5 -97 0
-117.5 -112.5 0
-117.5 -112.5 0
-92.5 -108 0
-92.5 -108 0
-92.5 -108 0
-89.5 -171.5 0
-89.5 -171.5 0
-98 -170 0
-98 -170 0
-74.5 -117.5 0
-74.5 -117.5 0
-68 -110.5 0
-61.5 -100 0
-61.5 -100 0
-57.5 -89 0
-57.5 -89 0
-54.5 -78.5 0
-59 -120 0
-59 -120 0
-92.5 -108 0
-92.5 -108 0
-92.5 -108 0
-92.5 -108 0
-92.5 -108 0
-92.5 -108 0
-92.5 -108 0
-92.5 -108 0
-92.5 -108 0
-92.5 -108 0
-92.5 -108 0
-92.5 -108 0
-92.5 -108 0
-92.5 -108 0
-92.5 -108 0
-92.5 -108 0
-92.5 -108 0
-92.5 -108 0
-92.5 -108 0
-92.5 -108 0
-92.5 -108 0
-29 -24 4.65
-29 -24 4.65
-12 -22 4.65
-12 -22 4.65
5 -20 -99.7
21.5 -18.5 -91.2
21.5 -18.5 -84.7
-139.5 -48 0
-139.5 -48 0
-153.5 -48 0
-167 -47 0
-167 -47 0
-180 -46 0
-180 -46 0
-191 -42 -0.699997
-200 -37.5 -10.7
-200 -37.5 -10.7
-208 -31 -20.1
-92.5 -108 0
-92.5 -108 0
-92.5 -108 0
-92.5 -108 0
-92.5 -108 0
-92.5 -108 0
-92.5 -108 0
-92.5 -108 0
-92.5 -108 0
-92.5 -108 0
-92.5 -108 0
-92.5 -108 0
-92.5 -108 0
-92.5 -108 0
-92.5 -108 0
-92.5 -108 0
-92.5 -108 0
-92.5 -108 0
-92.5 -108 0
-92.5 -108 0
-92.5 -108 0
-92.5 -108 0
-92.5 -108 0
-92.5 -108 0
88.5 38.5 -93.7
-266.5 -14 -83.3
-266.5 -14 -84.7
-263.5 -32.5 -84.7
-263.5 -32.5 -86
-254 -52 -76.3
-254 -52 -76.3
-242.5 -70.5 -65.7
-242.5 -70.5 -65.7
-228 -87 -48.6
-228 -87 -48.6
-211.5 -104 -31
-211.5 -104 -31
-175 -131 0
-175 -131 0
-157.5 -139.5 0
-144.5 -142.5 0
-144.5 -142.5 0
-92.5 -108 0
-92.5 -108 0
-46.5 -179.5 0
-119 -121 0
-119 -121 0
-92.5 -108 0
-92.5 -108 0
-92.5 -108 0
-92.5 -108 0
-92.5 -108 0
-92.5 -108 0
-92.5 -108 0
-92.5 -108 0
-92.5 -108 0
-92.5 -108 0
-92.5 -108 0
-92.5 -108 0
-92.5 -108 0
-92.5 -108 0
-92.5 -108 0
-92.5 -108 0
-17.5 -88 0
-9.5 -102 -87.3
-9.5 -102 -89.9
0 -115.5 -99.7
10 -125.5 -67.3
10 -125.5 -68.8
21.5 -132 -73.4
31.5 -133 -74.8
-92.5 -108 0
-92.5 -108 0
-92.5 -108 0
-45.5 -186 0
-40.5 -183.5 0
-92.5 -108 0
-33 -90 -60.8
-33 -90 0
-35 -100.5 0
-35 -109 0
-35 -109 0
-29.5 -117.5 0
-26 -123.5 0
-26 -123.5 0
-24.5 -127.5 0
-27.5 -129.5 0
-27.5 -129.5 0
-33.5 -131.5 0
-92.5 -108 0
-92.5 -108 0
-92.5 -108 0
-92.5 -108 0
-39.5 -182 0
-92.5 -108 0
-92.5 -108 0
-11 -185.5 -76.3
-11 -185.5 -73.4
-9.5 -185.5 -73.4
-9.5 -185.5 -71.9
-11.5 -185.5 -71.9
-73.5 -90.5 0
-74.5 -82.5 0
-77.5 -75 0
-77.5 -75 0
-48.5 -180.5 0
-86 -63 0
-86 -63 0
-17.5 -164 0
-31.5 -168.5 -24.6
25 -100 -74.8
25 -100 -74.8
6.5 -112.5 0
-11.5 -123 -111.7
-11.5 -123 0
-119 -169.5 -3.3
-119 -169.5 -3.3
-49 -138.5 0
-68.5 -144 -8.29999
-68.5 -144 -8.29999
-88.5 -147 -17.8
-106 -147 -3.3
-92.5 -108 0
-92.5 -108 0
-92.5 -108 0
-92.5 -108 0
-92.5 -108 0
-92.5 -108 0
-92.5 -108 0
-92.5 -108 0
-92.5 -108 0
-92.5 -108 0
-92.5 -108 0
-92.5 -108 0
-124.5 -171.5 -3.3
-113.5 -171.5 -3.3
-113.5 -171.5 -3.3
-92.5 -108 0
-92.5 -108 0
-92.5 -108 0
-92.5 -108 0
-92.5 -108 0
-92.5 -108 0
-92.5 -108 0
-92.5 -108 0
-92.5 -108 0
-92.5 -108 0
-92.5 -108 0
-92.5 -108 0
-92.5 -108 0
-92.5 -108 0
-92.5 -108 0
-114 -194.5 -3.3
-114 -194.5 -3.3
-108 -194.5 -10.7
-102 -192.5 -17.8
-50 -198.5 0
-50 -198.5 0
-41 -195.5 0
-32.5 -192.5 -22.3
-32.5 -192.5 -22.3
-25.5 -191 0
-20.5 -191 0
-103.5 -138.5 0
-103.5 -138.5 0
-93.5 -144 -13.1
-83.5 -150.5 -17.8
-83.5 -150.5 -20.1
-74 -155.5 -20.1
-92.5 -108 0
-92.5 -108 0
-92.5 -108 0
-43.5 -168 0
-35 -168 0
-27 -165.5 -99.7
-20.5 -162 -102
-20.5 -162 -100.8
-15.5 -157 -100.8
-13.5 -150.5 -102
-12.5 -142.5 -98.5
-12.5 -142.5 -99.7
-14 -134 -98.5
-14 -134 -97.3
-4.5 -188 -102
-4 -186.5 -102
-4 -186.5 -100.8
-3 -184.5 -99.7
-32 -103.5 -91.2
-32 -103.5 -91.2
-39 -98.5 -89.9
-45.5 -94 -89.9
-45.5 -94 -89.9
17 -183.5 -92.4
-92.5 -108 0
-92.5 -108 0
-92.5 -108 0
-92.5 -108 0
19.5 -184.5 -96.1
-92.5 -108 0
-92.5 -108 0
-0.5 -54 -129.4
-15 -69.5 -129.4
-15 -69.5 -91.2
-28.5 -86.5 0
-44.5 -101.5 0
-44.5 -101.5 0
-57.5 -112.5 0
-67.5 -119.5 0
-67.5 -119.5 0
-3 -186.5 -99.7
-7 -185.5 -99.7
-11.5 -184 0
-92.5 -108 0
-48.5 -181.5 0
-48.5 -181.5 0
-41 -180.5 0
-41 -180.5 0
-92.5 -108 0
-92.5 -108 0
-92.5 -108 0
-92.5 -108 0
-92.5 -108 0
-92.5 -108 0
-92.5 -108 0
-92.5 -108 0
-92.5 -108 0
-92.5 -108 0
-92.5 -108 0
-92.5 -108 0
-92.5 -108 0
-92.5 -108 0
-36 -71 0
-36 -71 -93.7
-28.5 -86.5 -93.7
-19.5 -103 0
-19.5 -103 -100.8
-7.5 -119 -105.3
4 -130 -114.7
4 -130 -93.7
-67.5 -114 0
-52.5 -114.5 0
-52.5 -114.5 0
-36 -112 -88.6
-19.5 -106.5 -83.3
29 -121 -93.7
-92.5 -108 0
-92.5 -108 0
-92.5 -108 0
-92.5 -108 0
-92.5 -108 0
-92.5 -108 0
-92.5 -108 0
-92.5 -108 0
-92.5 -108 0
-92.5 -108 0
-92.5 -108 0
-92.5 -108 0
-92.5 -108 0
-92.5 -108 0
-92.5 -108 0
-92.5 -108 0
-92.5 -108 0
-92.5 -108 0
-35.5 -166.5 -74.8
-35.5 -166.5 -76.3
-24 -167.5 -73.4
-12.5 -169 0
-92.5 -108 0
-92.5 -108 0
-92.5 -108 0
-92.5 -108 0
-92.5 -108 0
-92.5 -108 0
-92.5 -108 0
-92.5 -108 0
-92.5 -108 0
-92.5 -108 0
-92.5 -108 0
-92.5 -108 0
-92.5 -108 0
-92.5 -108 0
-92.5 -108 0
-92.5 -108 0
-92.5 -108 0
-92.5 -108 0
-92.5 -108 0
-92.5 -108 0
-92.5 -108 0
-92.5 -108 0
-92.5 -108 0
-92.5 -108 0
-17.5 -59 -105.3
-17.5 -59 -104.2
-92.5 -108 0
-92.5 -108 0
-92.5 -108 0
-85 -66.5 0
-72 -72.5 0
-57.5 -76.5 -103.1
-45 -80 -111.7
-45 -80 -103.1
-32.5 -82 -77.7
-21 -84.5 -76.3
-12 -86 -74.8
-12 -86 -73.4
-3.5 -87 -76.3
72 -112 -31
72.5 -113 -31
72.5 -113 -31
72.5 -114 -31
72.5 -114 -31
72.5 -114 -31
72.5 -112 -31
71.5 -110.5 -31
71.5 -110.5 -31
-92.5 -108 0
-92.5 -108 0
-92.5 -108 0
-92.5 -108 0
-92.5 -108 0
-92.5 -108 0
-92.5 -108 0
-92.5 -108 0
-92.5 -108 0
-92.5 -108 0
-92.5 -108 0
-92.5 -108 0
-92.5 -108 0
-92.5 -108 0
-92.5 -108 0
-92.5 -108 0
-92.5 -108 0
-92.5 -108 0
-92.5 -108 0
-92.5 -108 0
-92.5 -108 0
-92.5 -108 0
-92.5 -108 0
-92.5 -108 0
-92.5 -108 0
-92.5 -108 0
-92.5 -108 0
-92.5 -108 0
-68 -73 0
-68 -73 0
-83.5 -75 0
-101 -77 0
80.5 -75 0
100 -71.5 0
100 -71.5 0
115 -64.5 0
127 -55.5 -59.1
134.5 -45.5 -59.1
134.5 -45.5 -57.4
138.5 -35.5 -55.7
140.5 -27 -55.7
-92.5 -108 0
-92.5 -108 0
-92.5 -108 0
-92.5 -108 0
-92.5 -108 0
-92.5 -108 0
113 -38 -60.8
-92.5 -108 0
83 -49.5 -62.4
83 -49.5 -64.1
-92.5 -108 0
-92.5 -108 0
-92.5 -108 0
-92.5 -108 0
-92.5 -108 0
-92.5 -108 0
-92.5 -108 0
-92.5 -108 0
-92.5 -108 0
-92.5 -108 0
-92.5 -108 0
-92.5 -108 0
-92.5 -108 0
-92.5 -108 0
-92.5 -108 0
-92.5 -108 0
-92.5 -108 0
-92.5 -108 0
-92.5 -108 0
-92.5 -108 0
-92.5 -108 0
-92.5 -108 0
-92.5 -108 0
-92.5 -108 0
-92.5 -108 0
-92.5 -108 0
-92.5 -108 0
-92.5 -108 0
-92.5 -108 0
-92.5 -108 0
-92.5 -108 0
-92.5 -108 0
-92.5 -108 0
-92.5 -108 0
-92.5 -108 0
-92.5 -108 0
-92.5 -108 0
-92.5 -108 0
-92.5 -108 0
-92.5 -108 0
-92.5 -108 0
-92.5 -108 0
107.5 -16 -46.8
108 -27.5 -48.6
108 -27.5 -48.6
107 -40 -46.8
-92.5 -108 0
-92.5 -108 0
-92.5 -108 0
85.5 -76 0
74 -79.5 -31
74 -79.5 0
62.5 -80.5 0
-92.5 -108 0
-92.5 -108 0
-92.5 -108 0
-92.5 -108 0
-92.5 -108 0
-92.5 -108 0
-92.5 -108 0
-92.5 -108 0
-92.5 -108 0
-92.5 -108 0
87.5 -90 -31
103 -89 -35.1
119 -86 -39.1
119 -86 -39.1
133 -81.5 -37.1
145.5 -76.5 -31
-92.5 -108 0
-92.5 -108 0
-92.5 -108 0
-92.5 -108 0
-92.5 -108 0
-92.5 -108 0
-92.5 -108 0
-92.5 -108 0
-92.5 -108 0
-92.5 -108 0
-92.5 -108 0
-92.5 -108 0
-92.5 -108 0
-92.5 -108 0
-92.5 -108 0
-92.5 -108 0
-92.5 -108 0
-92.5 -108 0
-92.5 -108 0
-92.5 -108 0
-92.5 -108 0
-92.5 -108 0
-92.5 -108 0
-92.5 -108 0
-10.5 -182.5 -71.9
-10.5 -182.5 -73.4
-92.5 -108 0
-92.5 -108 0
-3 -182.5 -71.9
122.5 -108.5 -44.9
122.5 -108.5 -44.9
137.5 -108 -39.1
151.5 -102 -39.1
164 -92.5 -44.9
164 -92.5 -44.9
174 -77.5 0
179.5 -60.5 0
-92.5 -108 0
-92.5 -108 0
-92.5 -108 0
-92.5 -108 0
-92.5 -108 0
-92.5 -108 0
-92.5 -108 0
-92.5 -108 0
-92.5 -108 0
-92.5 -108 0
-92.5 -108 0
-92.5 -108 0
-92.5 -108 0
-92.5 -108 0
-100 44.5 2.25
-119 42.5 0
-134.5 36 0
-145 24.5 0
-145 24.5 0
-149 6.5 0
-92.5 -108 0
57 -54.5 2.25
57 -54.5 2.25
74 -66.5 0
74 -66.5 0
-92.5 -108 0
-92.5 -108 0
-92.5 -108 0
-92.5 -108 0
-92.5 -108 0
-92.5 -108 0
-92.5 -108 0
-92.5 -108 0
-92.5 -108 0
-92.5 -108 0
-92.5 -108 0
-92.5 -108 0
-92.5 -108 0
-92.5 -108 0
-92.5 -108 0
-92.5 -108 0
-92.5 -108 0
-92.5 -108 0
-92.5 -108 0
-92.5 -108 0
-92.5 -108 0
-92.5 -108 0
-92.5 -108 0
-92.5 -108 0
-92.5 -108 0
-92.5 -108 0
-92.5 -108 0
-92.5 -108 0
-92.5 -108 0
-92.5 -108 0
-92.5 -108 0
-92.5 -108 0
-92.5 -108 0
-92.5 -108 0
-92.5 -108 0
-92.5 -108 0
-92.5 -108 0
-199.5 -26.5 -13.1
-92.5 -108 0
-181 -25.5 0
-181 -25.5 0
-163 -26 0
-141 -25.5 0
-92.5 -108 0
-92.5 -108 0
-92.5 -108 0
-11 -158 0
-92.5 -108 0
-92.5 -108 0
-92.5 -108 0
-92.5 -108 0
-92.5 -108 0
-92.5 -108 0
-92.5 -108 0
-92.5 -108 0
-92.5 -108 0
-92.5 -108 0
-92.5 -108 0
-92.5 -108 0
-92.5 -108 0
-11 -167 0
-11 -167 0
-92.5 -108 0
92 -24 -103.1
85.5 -26 -104.2
85.5 -26 -104.2
76.5 -28 -105.3
67.5 -28.5 -109.6
67.5 -28.5 -108.5
58 -28.5 -113.7
2 -167 -98.5
2 -167 -97.3
-41.5 -50.5 4.65
-57.5 -57 4.65
-57.5 -57 4.65
-77 -61 0
-97.5 -63 0
-115.5 -62.5 0
-115.5 -62.5 0
-127 -60 0
-92.5 -108 0
-92.5 -108 0
-92.5 -108 0
-92.5 -108 0
-92.5 -108 0
-121.5 -42 0
-121.5 -42 0
-111.5 -39 2.25
-101.5 -37 0
-92.5 -34.5 0
-92.5 -34.5 -104.2
-84 -33 -104.2
-77.5 -32 -103.1
-87.5 -189 0
-92.5 -108 0
-92.5 -108 0
-92.5 -108 0
-24.5 -190 0
-28.5 -191.5 0
-28.5 -191.5 0
-38.5 -35 -92.4
-38.5 -35 -92.4
-105.5 -182 -10.7
-40.5 -186.5 0
-40.5 -186.5 0
88 -36 -97.3
76 -37.5 -102
62 -39.5 -103.1
-40 -185.5 0
-40 -185.5 0
36.5 -41 -105.3
-62 -68.5 0
-75 -68.5 0
-75 -68.5 0
-88.5 -67.5 0
-100 -66 0
-100 -66 0
-12.5 -37.5 -108.5
-71.5 -179 0
-71.5 -179 0
-61 -180.5 0
-48.5 -182.5 0
-5 -180.5 -93.7
-5 -180.5 -98.5
-145.5 -53 0
-40 -185.5 0
-144.5 -47 0
-144.5 -47 0
-143 -44.5 0
-140 -41.5 0
-135.5 -38.5 0
-135.5 -38.5 0
-130.5 -36.5 0
-130.5 -36.5 0
-126 -33.5 0
-25.5 -195 -94.9
-25.5 -195 -93.7
-26.5 -196 -94.9
-26.5 -196.5 -94.9
-110.5 -24.5 0
-110.5 -24.5 0
-106.5 -23 0
-28.5 -194.5 -94.9
-6.5 -61 -115.7
-6.5 -61 -115.7
-9.5 -62 -114.7
-13 -62 -114.7
-17 -61.5 -115.7
-22 -60.5 0
-22 -60.5 0
-28.5 -59 4.65
-28.5 -59 4.65
-33.5 -57 4.65
-37.5 -55 4.65
-3.5 -180.5 -102
-47 -53.5 4.65
-9.5 -180 0
-9.5 -180 0
-12 -180 0
-112 -74.5 0
-123.5 -79 0
-123.5 -79 0
-133 -81.5 0
-143 -84.5 0
-153 -86.5 0
-153 -86.5 0
-162 -86 0
-162 -86 0
-92.5 -108 0
-34.5 -32 -96.1
-179.5 -76 0
-179.5 -76 0
-18.5 -24.5 -98.5
-11 -21 -97.3
-11 -21 -98.5
-10.5 -178.5 0
-9.5 -179 0
-8.5 -179 0
-8.5 -179 0
-8.5 -179 0
-7 -178.5 0
-7 -178.5 0
-6 -178.5 -83.3
-6 -178.5 -83.3
-5 -178.5 -81.9
-80.5 -167 0
-92.5 -108 0
-92.5 -108 0
-92.5 -108 0
-92.5 -108 0
-92.5 -108 0
-92.5 -108 0
-92.5 -108 0
-92.5 -108 0
-92.5 -108 0
-92.5 -108 0
-92.5 -108 0
-92.5 -108 0
-92.5 -108 0
-92.5 -108 0
-47.5 -179 0
-47 -178.5 0
-47 -178.5 0
-92.5 -108 0
-92.5 -108 0
36.5 24.5 -71.9
21.5 32.5 -71.9
4.5 41 -79.2
4.5 41 -76.3
-13 48.5 -118.6
-92.5 -108 0
-75 -41.5 0
-84 -45 0
-94 -47 0
-94 -47 0
-106.5 -47.5 0
-119.5 -48.5 0
-133 -49.5 0
-133 -49.5 0
-142.5 -51 0
-151 -52 0
-156 -52.5 0
-92.5 -108 0
-92.5 -108 0
-92.5 -108 0
-92.5 -108 0
-92.5 -108 0
-92.5 -108 0
-92.5 -108 0
-92.5 -108 0
-92.5 -108 0
-92.5 -108 0
-92.5 -108 0
-92.5 -108 0
-92.5 -108 0
-92.5 -108 0
-92.5 -108 0
-92.5 -108 0
-92.5 -108 0
-92.5 -108 0
-92.5 -108 0
-92.5 -108 0
-92.5 -108 0
-92.5 -108 0
-92.5 -108 0
-92.5 -108 0
-92.5 -108 0
-92.5 -108 0
-92.5 -108 0
-92.5 -108 0
-92.5 -108 0
-92.5 -108 0
-92.5 -108 0
-92.5 -108 0
-3 -179.5 -84.7
-4 -180 -84.7
-4 -180 -83.3
-5 -180 -83.3
-6 -180.5 -83.3
-7 -180.5 -79.2
-92.5 -108 0
-92.5 -108 0
-7 -180.5 -77.7
-7 -180.5 -77.7
-7 -180 -77.7
-8 -180 -76.3
-9 -180.5 -76.3
-9 -181 -73.4
-9 -181 -76.3
-9 -181 -76.3
-8.5 -180.5 -76.3
-8.5 -180.5 -77.7
-8 -180 -76.3
-7 -180 -77.7
-6.5 -180 -76.3
-6 -180 -76.3
-6 -180 -74.8
-6.5 -180 0
-6.5 -180 -76.3
-5 -179.5 -76.3
-92.5 -108 0
-92.5 -108 0
-92.5 -108 0
-92.5 -108 0
-92.5 -108 0
-92.5 -108 0
-92.5 -108 0
-92.5 -108 0
-92.5 -108 0
-92.5 -108 0
-92.5 -108 0
-92.5 -108 0
-92.5 -108 0
-92.5 -108 0
-92.5 -108 0
-92.5 -108 0
-92.5 -108 0
-92.5 -108 0
-92.5 -108 0
-92.5 -108 0
-92.5 -108 0
-92.5 -108 0
-92.5 -108 0
-92.5 -108 0
-92.5 -108 0
-92.5 -108 0
-92.5 -108 0
-92.5 -108 0
-92.5 -108 0
-3 -180 -80.6
-3 -180 -81.9
-4.5 -180.5 -81.9
-6 -181 -83.3
-8 -181 -84.7
-9.5 -181 -80.6
-10.5 -181 -79.2
-10.5 -181 -79.2
-92.5 -108 0
-92.5 -108 0
-11.5 -180 -77.7
-11.5 -180 -77.7
-11.5 -180 -76.3
-11 -179.5 -73.4
-11 -180 -71.9
-11 -180 -73.4
-92.5 -108 0
-92.5 -108 0
-92.5 -108 0
-92.5 -108 0
-92.5 -108 0
-92.5 -108 0
-92.5 -108 0
-92.5 -108 0
-11 -181.5 -73.4
-11 -181.5 -74.8
-10.5 -181.5 -74.8
-9.5 -182 -74.8
-92.5 -108 0
-92.5 -108 -59.1
-92.5 -108 0
-5 -182.5 -79.2
-3 -182.5 -79.2
-92.5 -108 0
-92.5 -108 0
-92.5 -108 -71.9
-92.5 -108 -71.9
-92.5 -108 -74.8
-92.5 -108 -76.3
-92.5 -108 -76.3
-72.5 -83 -79.2
-67.5 -93.5 -80.6
-59.5 -110.5 -79.2
-50.5 -124 -74.8
-50.5 -124 -74.8
-40.5 -136 -65.7
-29 -147 -62.4
-29 -147 -98.5
-15.5 -157 -62.4
-1 -164.5 -99.7
13.5 -168 0
13.5 -168 0
31.5 -173 0
47.5 -174.5 0
63 -172.5 0
63 -172.5 0
76.5 -168.5 2.25
-92.5 -108 -89.9
-92.5 -108 -89.9
-92.5 -108 -89.9
-92.5 -108 -89.9
113 -141.5 -43
113 -141.5 -43
117 -133.5 -43
-92.5 -108 -81.9
-92.5 -108 -80.6
-92.5 -108 -80.6
-92.5 -108 -80.6
-92.5 -108 -80.6
-92.5 -108 -80.6
111.5 -115 -41.1
106 -117.5 -39.1
106 -117.5 -39.1
99.5 -119.5 -37.1
-92.5 -108 -80.6
-92.5 -108 -80.6
-92.5 -108 -80.6
-92.5 -108 -81.9
-92.5 -108 -86
-92.5 -108 -86
-92.5 -108 -83.3
-92.5 -108 -83.3
-92.5 -108 -80.6
-92.5 -108 -80.6
-92.5 -108 -76.3
-92.5 -108 -74.8
-92.5 -108 -68.8
-92.5 -108 -68.8
-92.5 -108 0
-92.5 -108 0
-92.5 -108 0
-92.5 -108 0
-92.5 -108 0
-92.5 -108 0
-92.5 -108 0
-92.5 -108 0
-92.5 -108 0
-92.5 -108 0
-92.5 -108 0
-92.5 -108 0
-92.5 -108 0
-92.5 -108 0
-92.5 -108 0
-92.5 -108 0
-92.5 -108 0
-92.5 -108 0
-92.5 -108 0
-92.5 -108 0
-92.5 -108 0
-92.5 -108 0
-92.5 -108 0
-92.5 -108 0
-92.5 -108 0
-92.5 -108 0
-92.5 -108 0
-92.5 -108 0
-92.5 -108 0
-92.5 -108 0
-92.5 -108 0
-92.5 -108 0
-92.5 -108 0
-92.5 -108 0
-92.5 -108 0
-92.5 -108 0
-92.5 -108 0
-92.5 -108 0
